0 0.7109375 0.5609375 0.0328125 0.0453125
0 0.5421875 0.85625 0.0625 0.05625
0 0.23125 0.78125 0.0390625 0.046875
0 0.1640625 0.6265625 0.0125 0.015625
0 0.2078125 0.546875 0.015625 0.01875
0 0.275 0.5234375 0.0359375 0.046875
0 0.36875 0.5953125 0.0296875 0.0390625
0 0.3890625 0.6046875 0.003125 0.003125
0 0.43125 0.6265625 0.0140625 0.01875
0 0.303125 0.6796875 0.0125 0.015625
0 0.284375 0.6390625 0.0125 0.015625
0 0.290625 0.775 0.0015625 0.0015625
0 0.2890625 0.7765625 0.0015625 0.003125
0 0.3 0.778125 0.0015625 0.0015625
0 0.3109375 0.778125 0.003125 0.003125
0 0.30625 0.784375 0.003125 0.003125
0 0.29375 0.7859375 0.0015625 0.0015625
0 0.2953125 0.784375 0.0015625 0.0015625
0 0.296875 0.7859375 0.0015625 0.0015625
0 0.2984375 0.790625 0.0015625 0.0015625
0 0.365625 0.8359375 0.0015625 0.0015625
0 0.3671875 0.840625 0.003125 0.0015625
0 0.6546875 0.6953125 0.0078125 0.0078125
0 0.578125 0.5703125 0.0109375 0.0125
0 0.565625 0.55 0.0125 0.0109375
0 0.578125 0.5359375 0.009375 0.0125
0 0.5671875 0.471875 0.015625 0.01875
0 0.6234375 0.2921875 0.0109375 0.0140625
0 0.5453125 0.1765625 0.0265625 0.03125
0 0.4234375 0.25 0.0046875 0.003125
0 0.384375 0.2984375 0.003125 0.003125
0 0.3171875 0.31875 0.0046875 0.0046875
0 0.296875 0.3046875 0.0046875 0.0015625
0 0.428125 0.3171875 0.0015625 0.0015625
0 0.5421875 0.3578125 0.0046875 0.003125
0 0.5890625 0.2921875 0.0015625 0.0015625
0 0.5921875 0.259375 0.003125 0.003125
0 0.603125 0.1359375 0.003125 0.0015625
0 0.6296875 0.1671875 0.003125 0.003125
0 0.28125 0.19375 0.0140625 0.0125
0 0.33125 0.6890625 0.003125 0.0015625
0 0.3953125 0.6828125 0.003125 0.003125
0 0.421875 0.64375 0.003125 0.003125
0 0.425 0.65 0.003125 0.003125
0 0.4890625 0.6765625 0.003125 0.003125
0 0.525 0.6984375 0.003125 0.0046875
0 0.3796875 0.53125 0.003125 0.003125
0 0.4265625 0.5546875 0.0046875 0.003125
0 0.446875 0.521875 0.0015625 0.0015625
0 0.5140625 0.4953125 0.003125 0.0015625
0 0.3796875 0.4421875 0.003125 0.003125
0 0.3484375 0.403125 0.003125 0.003125
0 0.2671875 0.3953125 0.0046875 0.0046875
0 0.3015625 0.5109375 0.0046875 0.003125
0 0.303125 0.56875 0.0046875 0.00625
0 0.43125 0.76875 0.003125 0.0015625