0 0.2296875 0.34375 0.0109375 0.00625
0 0.2 0.3828125 0.0109375 0.0078125
0 0.246875 0.3546875 0.0078125 0.0078125
0 0.2546875 0.3546875 0.0078125 0.0078125
0 0.21875 0.4328125 0.0125 0.009375
0 0.225 0.4046875 0.0125 0.009375
0 0.2109375 0.4875 0.015625 0.0109375
0 0.2359375 0.5296875 0.021875 0.0171875
0 0.246875 0.584375 0.0125 0.0109375
0 0.259375 0.5890625 0.0140625 0.009375
0 0.2453125 0.5953125 0.0109375 0.0078125
0 0.2515625 0.6140625 0.0234375 0.01875
0 0.284375 0.6203125 0.0125 0.0109375
0 0.3484375 0.6296875 0.009375 0.009375
0 0.359375 0.6328125 0.0109375 0.009375
0 0.421875 0.69375 0.0125 0.0109375
0 0.4796875 0.6859375 0.0140625 0.0078125
0 0.5859375 0.6734375 0.00625 0.00625
0 0.6375 0.73125 0.0109375 0.0078125
0 0.6203125 0.659375 0.00625 0.00625
0 0.61875 0.6515625 0.009375 0.00625
0 0.6078125 0.61875 0.009375 0.00625
0 0.6109375 0.6046875 0.009375 0.0078125
0 0.6375 0.6421875 0.0109375 0.0078125
0 0.6546875 0.6390625 0.009375 0.00625
0 0.675 0.6328125 0.0109375 0.0078125
0 0.7625 0.64375 0.0109375 0.0078125
0 0.759375 0.5828125 0.0125 0.0078125
0 0.8203125 0.515625 0.009375 0.0078125
0 0.834375 0.3984375 0.009375 0.0078125
0 0.821875 0.4265625 0.009375 0.0109375
0 0.75625 0.35 0.0140625 0.0109375
0 0.7140625 0.371875 0.0109375 0.0078125
0 0.6890625 0.546875 0.0125 0.009375
0 0.678125 0.584375 0.009375 0.009375
0 0.65 0.5703125 0.0125 0.009375
0 0.628125 0.5671875 0.0109375 0.0078125
0 0.5609375 0.5515625 0.0140625 0.009375
0 0.4859375 0.5265625 0.009375 0.0078125
0 0.4890625 0.4796875 0.0125 0.009375
0 0.6328125 0.509375 0.0109375 0.0078125
0 0.59375 0.4859375 0.009375 0.0046875
0 0.590625 0.4796875 0.0078125 0.0046875
0 0.6015625 0.4734375 0.009375 0.00625
0 0.640625 0.4703125 0.0125 0.0078125
0 0.60625 0.4453125 0.0125 0.0078125
0 0.6515625 0.4125 0.0109375 0.0109375
0 0.60625 0.384375 0.003125 0.0046875
0 0.584375 0.3921875 0.0078125 0.0046875
0 0.5765625 0.4046875 0.009375 0.0078125
0 0.5609375 0.3921875 0.0109375 0.009375
0 0.521875 0.34375 0.0109375 0.0109375
0 0.609375 0.26875 0.0109375 0.0125
0 0.6125 0.2484375 0.0140625 0.009375
0 0.53125 0.2171875 0.0125 0.0109375
0 0.4890625 0.2171875 0.0109375 0.009375
0 0.4359375 0.234375 0.0109375 0.009375
0 0.43125 0.3359375 0.0109375 0.0078125
0 0.3421875 0.3546875 0.015625 0.0078125
0 0.328125 0.384375 0.0140625 0.009375
0 0.3703125 0.3953125 0.0140625 0.009375
0 0.3125 0.4609375 0.0140625 0.009375
0 0.2984375 0.4671875 0.0109375 0.0109375
0 0.3171875 0.471875 0.0125 0.009375
0 0.3125 0.4890625 0.009375 0.00625
0 0.3421875 0.5015625 0.0125 0.009375