0 0.509375 0.871875 0.028125 0.028125
0 0.6171875 0.23125 0.034375 0.03125
0 0.5046875 0.16875 0.0328125 0.03125
0 0.9328125 0.5765625 0.0359375 0.0328125
0 0.7625 0.29375 0.0171875 0.0140625
0 0.34375 0.1921875 0.028125 0.021875
0 0.9109375 0.4796875 0.01875 0.01875
0 0.434375 0.95 0.021875 0.028125
0 0.709375 0.865625 0.0234375 0.025
0 0.2359375 0.3765625 0.028125 0.025
0 0.2140625 0.865625 0.0328125 0.0328125
0 0.7953125 0.8359375 0.0265625 0.0265625
0 0.7796875 0.690625 0.01875 0.021875
0 0.346875 0.2765625 0.0234375 0.0234375
0 0.35625 0.20625 0.025 0.021875
0 0.7640625 0.6859375 0.0203125 0.021875
0 0.89375 0.5234375 0.015625 0.0234375
0 0.88125 0.6859375 0.028125 0.0296875
0 0.73125 0.6625 0.01875 0.021875
0 0.4921875 0.8109375 0.0203125 0.025
0 0.7421875 0.8375 0.03125 0.028125
0 0.8 0.746875 0.028125 0.025
0 0.19375 0.4296875 0.0140625 0.025
0 0.7578125 0.6734375 0.021875 0.01875
0 0.9203125 0.49375 0.0296875 0.0203125
0 0.1734375 0.4234375 0.028125 0.040625
0 0.6703125 0.8890625 0.028125 0.0265625
0 0.13125 0.7578125 0.0390625 0.034375
0 0.1265625 0.28125 0.0265625 0.028125
0 0.884375 0.49375 0.025 0.021875
0 0.496875 0.0265625 0.053125 0.0296875
0 0.784375 0.8609375 0.021875 0.021875
0 0.71875 0.74375 0.021875 0.025
0 0.7546875 0.81875 0.028125 0.0234375
0 0.7078125 0.7546875 0.0265625 0.028125
0 0.7859375 0.7296875 0.025 0.021875
0 0.6328125 0.21875 0.025 0.0296875
0 0.4234375 0.2765625 0.0390625 0.0390625
0 0.3203125 0.2625 0.0171875 0.025
0 0.5984375 0.7765625 0.028125 0.0265625
0 0.340625 0.2171875 0.01875 0.021875
0 0.8453125 0.7296875 0.0328125 0.0328125
0 0.115625 0.61875 0.0265625 0.03125
0 0.3625 0.2265625 0.028125 0.0265625
0 0.609375 0.2109375 0.028125 0.0265625
0 0.4734375 0.8015625 0.028125 0.0265625
0 0.9234375 0.46875 0.028125 0.0265625
0 0.4265625 0.9390625 0.0296875 0.0328125
0 0.91875 0.525 0.0296875 0.028125
0 0.10625 0.540625 0.0328125 0.03125
0 0.809375 0.7734375 0.0359375 0.0328125
0 0.5765625 0.059375 0.040625 0.0375
0 0.0875 0.5296875 0.03125 0.0359375
0 0.7328125 0.678125 0.0265625 0.028125
0 0.628125 0.86875 0.025 0.0265625
0 0.4015625 0.284375 0.0375 0.040625
0 0.6734375 0.1234375 0.028125 0.0265625
0 0.1359375 0.240625 0.03125 0.03125
0 0.4984375 0.834375 0.028125 0.0265625
0 0.1046875 0.63125 0.0296875 0.0375
0 0.6125 0.078125 0.0328125 0.0359375
0 0.7390625 0.159375 0.034375 0.0234375
0 0.7625 0.65 0.0296875 0.028125
0 0.7796875 0.7078125 0.0265625 0.0234375
0 0.2734375 0.3765625 0.0296875 0.0328125
0 0.6953125 0.6296875 0.0265625 0.0296875
0 0.6296875 0.675 0.0515625 0.0484375
0 0.76875 0.3078125 0.0234375 0.0265625
0 0.665625 0.0890625 0.0328125 0.0375
0 0.7125 0.621875 0.028125 0.0265625
0 0.6984375 0.5609375 0.0359375 0.0328125
0 0.55 0.703125 0.0375 0.0328125
0 0.803125 0.71875 0.0234375 0.0234375
0 0.6890625 0.1015625 0.028125 0.0296875
0 0.603125 0.503125 0.0453125 0.04375
0 0.890625 0.628125 0.0265625 0.0234375
0 0.35 0.253125 0.028125 0.0265625
0 0.878125 0.65 0.03125 0.028125
0 0.5546875 0.5078125 0.021875 0.021875
0 0.09375 0.5828125 0.028125 0.0296875
0 0.0609375 0.440625 0.034375 0.0375
0 0.7640625 0.26875 0.025 0.025
0 0.89375 0.3890625 0.040625 0.0390625
0 0.371875 0.1734375 0.025 0.0296875
0 0.5 0.89375 0.0328125 0.0296875
0 0.4515625 0.69375 0.01875 0.01875
0 0.2015625 0.390625 0.0328125 0.0296875
0 0.9109375 0.4453125 0.03125 0.0328125
0 0.403125 0.7890625 0.034375 0.0375
0 0.7546875 0.79375 0.028125 0.028125
0 0.6828125 0.703125 0.034375 0.0234375
0 0.8828125 0.478125 0.0265625 0.025
0 0.1140625 0.5703125 0.034375 0.0359375
0 0.3359375 0.2953125 0.0296875 0.0265625
0 0.15625 0.3015625 0.028125 0.0296875
0 0.56875 0.7265625 0.0328125 0.0359375
0 0.640625 0.884375 0.028125 0.028125
0 0.9 0.60625 0.028125 0.0265625
0 0.4296875 0.203125 0.028125 0.03125
0 0.459375 0.7609375 0.0375 0.040625
0 0.7265625 0.271875 0.0265625 0.0328125
0 0.5234375 0.8734375 0.0296875 0.0375
0 0.60625 0.759375 0.0390625 0.034375
0 0.6875 0.5828125 0.0453125 0.0484375
0 0.403125 0.2125 0.0328125 0.0328125
0 0.371875 0.759375 0.0453125 0.0484375
0 0.609375 0.715625 0.0328125 0.034375
0 0.4140625 0.7578125 0.0375 0.0375
0 0.521875 0.8109375 0.0328125 0.0359375
0 0.36875 0.934375 0.03125 0.0296875
0 0.3 0.271875 0.0328125 0.0328125
0 0.7046875 0.7875 0.0265625 0.028125
0 0.3890625 0.15625 0.03125 0.0296875
0 0.590625 0.190625 0.0265625 0.0296875
0 0.790625 0.5703125 0.028125 0.0265625
0 0.1609375 0.265625 0.0328125 0.0328125
0 0.1953125 0.6859375 0.0453125 0.0421875
0 0.1421875 0.31875 0.0328125 0.034375
0 0.1625 0.4625 0.034375 0.0421875
0 0.709375 0.8375 0.028125 0.03125
0 0.6375 0.84375 0.028125 0.028125
0 0.684375 0.784375 0.0265625 0.0296875
0 0.421875 0.85 0.0453125 0.0421875
0 0.5890625 0.534375 0.0296875 0.0328125
0 0.5375 0.7328125 0.0296875 0.034375
0 0.74375 0.1359375 0.0375 0.034375
0 0.5953125 0.459375 0.0484375 0.04375
0 0.6609375 0.803125 0.0296875 0.0296875
0 0.3125 0.225 0.0328125 0.0359375
0 0.3296875 0.3265625 0.0328125 0.034375
0 0.234375 0.415625 0.034375 0.0390625
0 0.825 0.240625 0.034375 0.034375
0 0.6828125 0.7453125 0.028125 0.0265625
0 0.34375 0.165625 0.0390625 0.0390625
0 0.28125 0.234375 0.0296875 0.0296875
0 0.059375 0.35 0.0359375 0.0390625
0 0.6046875 0.8828125 0.0296875 0.0296875
0 0.525 0.2703125 0.0421875 0.046875
0 0.7421875 0.6265625 0.028125 0.028125
0 0.4171875 0.09375 0.05 0.05
0 0.675 0.315625 0.046875 0.05
0 0.409375 0.134375 0.0375 0.040625
0 0.58125 0.853125 0.0296875 0.0296875
0 0.465625 0.8296875 0.034375 0.0359375
0 0.2578125 0.3171875 0.0390625 0.040625
0 0.8640625 0.6171875 0.028125 0.0296875
0 0.48125 0.2546875 0.034375 0.0390625
0 0.134375 0.71875 0.0296875 0.0328125
0 0.0609375 0.546875 0.0328125 0.0359375
0 0.790625 0.66875 0.028125 0.028125
0 0.6203125 0.2828125 0.04375 0.04375
0 0.4640625 0.146875 0.034375 0.04375
0 0.73125 0.371875 0.0453125 0.0484375
0 0.1921875 0.1484375 0.0328125 0.0359375
0 0.6546875 0.64375 0.040625 0.040625
0 0.5453125 0.66875 0.028125 0.0265625
0 0.8734375 0.303125 0.0390625 0.0390625
0 0.825 0.20625 0.0375 0.0390625
0 0.7796875 0.4125 0.03125 0.0328125
0 0.3125 0.371875 0.03125 0.0375
0 0.7296875 0.1890625 0.0265625 0.0296875
0 0.809375 0.590625 0.03125 0.0328125
0 0.875 0.528125 0.028125 0.0296875
0 0.2 0.334375 0.0375 0.0390625
0 0.35 0.8703125 0.0421875 0.040625
0 0.846875 0.346875 0.0328125 0.03125
0 0.8859375 0.5828125 0.0296875 0.028125
0 0.1921875 0.490625 0.0390625 0.0421875
0 0.6609375 0.853125 0.0234375 0.0296875
0 0.2625 0.7390625 0.0453125 0.0484375
0 0.284375 0.409375 0.0328125 0.0359375
0 0.778125 0.6125 0.0296875 0.0296875
0 0.55625 0.1 0.0375 0.0375
0 0.3125 0.534375 0.028125 0.0328125
0 0.3 0.884375 0.0390625 0.0359375
0 0.4 0.696875 0.0296875 0.0296875
0 0.196875 0.6375 0.04375 0.04375
0 0.2546875 0.203125 0.0453125 0.046875
0 0.6828125 0.65 0.0234375 0.0296875
0 0.8453125 0.3203125 0.03125 0.0296875
0 0.559375 0.909375 0.0328125 0.0328125
0 0.7421875 0.3078125 0.028125 0.028125
0 0.334375 0.9046875 0.0296875 0.0328125
0 0.709375 0.6578125 0.0265625 0.028125
0 0.7875 0.48125 0.0390625 0.04375
0 0.4703125 0.35625 0.046875 0.05
0 0.478125 0.915625 0.0328125 0.034375
0 0.0890625 0.471875 0.0328125 0.0375
0 0.61875 0.184375 0.0296875 0.0296875
0 0.8203125 0.6859375 0.0296875 0.0296875
0 0.19375 0.809375 0.0390625 0.0390625
0 0.0921875 0.3984375 0.0390625 0.040625
0 0.634375 0.1078125 0.0359375 0.034375
0 0.5671875 0.1765625 0.0265625 0.0296875
0 0.6421875 0.7828125 0.0296875 0.0328125
0 0.59375 0.31875 0.04375 0.05
0 0.265625 0.540625 0.046875 0.053125
0 0.7890625 0.28125 0.0296875 0.0296875
0 0.4421875 0.9109375 0.03125 0.03125
0 0.2515625 0.7875 0.0390625 0.040625
0 0.3203125 0.66875 0.0453125 0.0484375
0 0.84375 0.40625 0.034375 0.034375
0 0.2625 0.853125 0.04375 0.04375
0 0.7546875 0.1875 0.0296875 0.0328125
0 0.790625 0.5421875 0.034375 0.0328125
0 0.5671875 0.2125 0.0296875 0.0296875
0 0.1296875 0.4796875 0.0390625 0.0390625
0 0.765625 0.2421875 0.03125 0.0296875
0 0.5421875 0.1859375 0.0296875 0.0328125
0 0.1875 0.240625 0.040625 0.0453125
0 0.6828125 0.859375 0.0296875 0.03125
0 0.3546875 0.3625 0.0359375 0.0421875
0 0.6078125 0.846875 0.028125 0.0296875
0 0.315625 0.4296875 0.0375 0.04375
0 0.28125 0.471875 0.04375 0.046875
0 0.8609375 0.2328125 0.0328125 0.0375
0 0.38125 0.8953125 0.034375 0.034375
0 0.59375 0.396875 0.0546875 0.059375
0 0.7265625 0.44375 0.0453125 0.0484375
0 0.759375 0.5828125 0.0328125 0.034375
0 0.7796875 0.378125 0.034375 0.034375
0 0.81875 0.4578125 0.0296875 0.0296875
0 0.1609375 0.5765625 0.040625 0.0453125
0 0.2140625 0.75625 0.040625 0.0453125
0 0.15625 0.6296875 0.034375 0.0375
0 0.4796875 0.3046875 0.04375 0.0453125
0 0.6828125 0.196875 0.034375 0.0359375
0 0.2671875 0.2703125 0.0328125 0.0359375
0 0.6796875 0.4734375 0.0484375 0.0515625
0 0.134375 0.38125 0.0390625 0.04375
0 0.79375 0.3203125 0.03125 0.03125
0 0.1296875 0.646875 0.028125 0.034375
0 0.6953125 0.146875 0.034375 0.034375
0 0.4453125 0.221875 0.034375 0.034375
0 0.4078125 0.3796875 0.0484375 0.053125
0 0.4953125 0.15 0.0328125 0.0359375
0 0.2109375 0.6703125 0.0453125 0.0421875
0 0.2015625 0.41875 0.028125 0.03125
0 0.265625 0.084375 0.0359375 0.034375
0 0.2078125 0.1203125 0.0296875 0.0296875
0 0.3140625 0.0578125 0.0421875 0.0296875
0 0.5875 0.084375 0.025 0.025
0 0.75625 0.28125 0.0171875 0.01875
0 0.7421875 0.278125 0.0203125 0.028125
0 0.8734375 0.709375 0.028125 0.028125
0 0.7609375 0.859375 0.0234375 0.0265625
0 0.703125 0.8953125 0.0265625 0.0265625
0 0.6140625 0.9421875 0.03125 0.028125
0 0.68125 0.721875 0.0359375 0.0203125
0 0.8921875 0.440625 0.0078125 0.00625