0 0.70625 0.434375 0.0125 0.0125
0 0.703125 0.4421875 0.0125 0.0109375
0 0.0703125 0.4921875 0.009375 0.0140625
0 0.1328125 0.3015625 0.0109375 0.0109375
0 0.6421875 0.4578125 0.0140625 0.0140625
0 0.2109375 0.30625 0.009375 0.0109375
0 0.809375 0.5015625 0.0078125 0.009375
0 0.5734375 0.1875 0.0109375 0.009375
0 0.58125 0.784375 0.015625 0.0125
0 0.15625 0.44375 0.015625 0.015625
0 0.775 0.38125 0.0125 0.0109375
0 0.15625 0.43125 0.0125 0.0125
0 0.19375 0.3703125 0.0171875 0.01875
0 0.6625 0.39375 0.0140625 0.015625
0 0.5984375 0.8046875 0.009375 0.009375
0 0.73125 0.4 0.0125 0.0140625
0 0.2140625 0.3875 0.0171875 0.0171875
0 0.6953125 0.646875 0.009375 0.0109375
0 0.69375 0.390625 0.0125 0.0109375
0 0.71875 0.5984375 0.0140625 0.0140625
0 0.7046875 0.39375 0.0125 0.0109375
0 0.7171875 0.4296875 0.0125 0.0125
0 0.4078125 0.7578125 0.009375 0.009375
0 0.2359375 0.7 0.009375 0.009375
0 0.2046875 0.3765625 0.015625 0.015625
0 0.690625 0.4296875 0.0171875 0.01875
0 0.721875 0.5875 0.015625 0.015625
0 0.2625 0.5375 0.0140625 0.015625
0 0.7265625 0.45 0.0125 0.0140625
0 0.790625 0.4125 0.0109375 0.0125
0 0.128125 0.421875 0.0109375 0.0125
0 0.75 0.403125 0.0125 0.0140625
0 0.4875 0.2078125 0.0203125 0.0203125
0 0.16875 0.33125 0.015625 0.0171875
0 0.153125 0.459375 0.01875 0.0203125
0 0.65 0.5609375 0.0171875 0.0171875
0 0.759375 0.4984375 0.0109375 0.0125
0 0.78125 0.6453125 0.015625 0.015625
0 0.09375 0.5640625 0.0140625 0.015625
0 0.4421875 0.7328125 0.0125 0.0125
0 0.1546875 0.3890625 0.0125 0.0125
0 0.4921875 0.121875 0.015625 0.015625
0 0.70625 0.359375 0.0140625 0.0140625
0 0.1765625 0.440625 0.0171875 0.0171875
0 0.628125 0.8015625 0.015625 0.015625
0 0.640625 0.2640625 0.015625 0.015625
0 0.184375 0.3265625 0.0171875 0.01875
0 0.73125 0.6609375 0.0171875 0.0171875
0 0.134375 0.3390625 0.015625 0.015625
0 0.2078125 0.7078125 0.0140625 0.0140625
0 0.146875 0.4828125 0.015625 0.015625
0 0.146875 0.4 0.0125 0.0125
0 0.2109375 0.7328125 0.0140625 0.0140625
0 0.625 0.28125 0.0171875 0.0171875
0 0.5515625 0.5234375 0.0203125 0.0203125
0 0.553125 0.7484375 0.015625 0.015625
0 0.2015625 0.4890625 0.0171875 0.01875
0 0.2171875 0.3203125 0.01875 0.0203125
0 0.60625 0.6609375 0.0140625 0.0140625
0 0.7453125 0.5640625 0.0171875 0.0171875
0 0.7578125 0.6234375 0.0171875 0.0171875
0 0.1875 0.5796875 0.0171875 0.0171875
0 0.4921875 0.5109375 0.0203125 0.0203125
0 0.5453125 0.5875 0.0171875 0.0171875
0 0.4984375 0.309375 0.021875 0.0234375
0 0.6703125 0.6390625 0.0203125 0.01875
0 0.2734375 0.475 0.015625 0.0171875
0 0.675 0.7046875 0.01875 0.0171875
0 0.1578125 0.49375 0.015625 0.0171875
0 0.478125 0.609375 0.0171875 0.0171875
0 0.390625 0.3140625 0.021875 0.021875
0 0.4828125 0.659375 0.0171875 0.0171875
0 0.709375 0.64375 0.0171875 0.01875
0 0.2015625 0.3421875 0.0203125 0.0203125
0 0.58125 0.775 0.0109375 0.00625
0 0.06875 0.4203125 0.0046875 0.0125
0 0.0953125 0.4515625 0.0078125 0.009375
0 0.8234375 0.584375 0.00625 0.009375
0 0.803125 0.63125 0.0078125 0.0109375
0 0.5609375 0.8640625 0.0125 0.00625