0 0.6625 0.6546875 0.0046875 0.0046875
0 0.09375 0.4359375 0.0125 0.0140625
0 0.1578125 0.45625 0.0078125 0.0078125
0 0.565625 0.3546875 0.00625 0.00625
0 0.7109375 0.671875 0.0078125 0.00625
0 0.3640625 0.40625 0.0078125 0.0078125
0 0.4859375 0.81875 0.0078125 0.0078125
0 0.25625 0.578125 0.009375 0.0078125
0 0.6109375 0.6640625 0.0078125 0.0078125
0 0.6171875 0.7125 0.0078125 0.0078125
0 0.3109375 0.84375 0.0140625 0.0125
0 0.7625 0.4 0.0140625 0.0140625
0 0.4578125 0.46875 0.0109375 0.0109375
0 0.5765625 0.371875 0.009375 0.009375
0 0.3609375 0.4125 0.0140625 0.0125
0 0.1859375 0.746875 0.0140625 0.0140625
0 0.2609375 0.5640625 0.015625 0.0140625
0 0.5921875 0.59375 0.0109375 0.0125
0 0.1046875 0.525 0.0140625 0.0140625
0 0.50625 0.6375 0.015625 0.0140625
0 0.5671875 0.54375 0.0125 0.0140625
0 0.48125 0.834375 0.0125 0.0125
0 0.7109375 0.6890625 0.0140625 0.0125
0 0.55 0.7125 0.015625 0.0140625
0 0.6078125 0.615625 0.0140625 0.0140625
0 0.3390625 0.4015625 0.0140625 0.0140625
0 0.153125 0.5140625 0.0140625 0.0140625
0 0.5203125 0.1640625 0.015625 0.015625
0 0.378125 0.390625 0.015625 0.015625
0 0.5609375 0.56875 0.0125 0.0140625
0 0.1609375 0.590625 0.015625 0.0140625
0 0.3546875 0.8171875 0.0125 0.0125
0 0.3328125 0.653125 0.015625 0.0140625
0 0.603125 0.59375 0.0109375 0.0125
0 0.3484375 0.3890625 0.015625 0.0140625
0 0.4703125 0.7875 0.0140625 0.0140625
0 0.2265625 0.3234375 0.015625 0.0140625
0 0.4390625 0.3234375 0.015625 0.015625
0 0.371875 0.8015625 0.0140625 0.0140625
0 0.1453125 0.5734375 0.0140625 0.0140625
0 0.5109375 0.71875 0.015625 0.015625
0 0.359375 0.6015625 0.015625 0.015625
0 0.56875 0.5796875 0.0140625 0.0125
0 0.384375 0.6265625 0.015625 0.015625
0 0.5703125 0.3171875 0.015625 0.015625
0 0.6484375 0.5703125 0.015625 0.0140625
0 0.2546875 0.73125 0.015625 0.015625
0 0.5734375 0.409375 0.015625 0.015625
0 0.6453125 0.3375 0.015625 0.015625
0 0.5484375 0.5953125 0.0140625 0.0125
0 0.4265625 0.35625 0.015625 0.015625
0 0.3109375 0.3796875 0.015625 0.015625
0 0.265625 0.6796875 0.015625 0.015625
0 0.5359375 0.3140625 0.015625 0.015625
0 0.3828125 0.1734375 0.0171875 0.015625
0 0.6 0.4203125 0.0140625 0.0140625
0 0.2828125 0.475 0.015625 0.015625
0 0.7203125 0.571875 0.0140625 0.0140625
0 0.3671875 0.50625 0.015625 0.015625
0 0.6 0.5734375 0.0140625 0.0140625
0 0.4984375 0.6640625 0.015625 0.015625
0 0.33125 0.3671875 0.015625 0.015625
0 0.2984375 0.40625 0.015625 0.015625
0 0.6171875 0.6828125 0.0140625 0.0140625
0 0.2984375 0.2140625 0.015625 0.015625
0 0.5828125 0.5546875 0.0140625 0.0140625
0 0.2546875 0.4359375 0.015625 0.015625
0 0.6546875 0.371875 0.015625 0.015625
0 0.253125 0.665625 0.015625 0.015625
0 0.7328125 0.496875 0.015625 0.015625
0 0.3546875 0.4671875 0.015625 0.015625
0 0.390625 0.540625 0.015625 0.015625
0 0.2703125 0.309375 0.015625 0.015625