0 0.4375 0.303125 0.028125 0.0234375
0 0.3328125 0.4859375 0.009375 0.0109375
0 0.603125 0.4171875 0.028125 0.0328125
0 0.4703125 0.2125 0.03125 0.0421875
0 0.3734375 0.65 0.0328125 0.0328125
0 0.7828125 0.4953125 0.0359375 0.040625
0 0.234375 0.36875 0.0265625 0.0296875
0 0.4234375 0.3140625 0.0328125 0.0375
0 0.4703125 0.7203125 0.0390625 0.0421875
0 0.3671875 0.653125 0.0421875 0.0453125
0 0.6703125 0.4546875 0.0421875 0.04375
0 0.5203125 0.40625 0.021875 0.021875
0 0.5171875 0.478125 0.021875 0.0234375
0 0.5953125 0.465625 0.0328125 0.03125
0 0.5734375 0.4453125 0.0171875 0.0171875
0 0.5828125 0.425 0.0171875 0.0203125
0 0.5765625 0.3765625 0.0296875 0.0234375
0 0.559375 0.390625 0.009375 0.009375
0 0.478125 0.428125 0.0234375 0.0234375
0 0.48125 0.45 0.0265625 0.0203125
0 0.546875 0.4828125 0.025 0.0265625
0 0.5640625 0.49375 0.028125 0.021875
0 0.590625 0.5046875 0.0125 0.0171875
0 0.603125 0.503125 0.015625 0.0109375
0 0.61875 0.4953125 0.009375 0.009375
0 0.6296875 0.50625 0.0203125 0.0203125
0 0.7390625 0.4890625 0.0375 0.03125
0 0.703125 0.478125 0.0265625 0.0234375
0 0.6921875 0.3703125 0.021875 0.021875
0 0.6375 0.25 0.021875 0.0171875
0 0.64375 0.2625 0.0171875 0.015625
0 0.6640625 0.2515625 0.021875 0.01875
0 0.6671875 0.234375 0.021875 0.015625
0 0.6296875 0.2359375 0.0140625 0.0171875
0 0.5953125 0.253125 0.0171875 0.0125
0 0.596875 0.265625 0.021875 0.0109375
0 0.5328125 0.2828125 0.034375 0.01875
0 0.3421875 0.4234375 0.0203125 0.0203125
0 0.3515625 0.43125 0.021875 0.01875
0 0.34375 0.39375 0.0171875 0.0171875
0 0.3734375 0.39375 0.01875 0.01875
0 0.3578125 0.3890625 0.0171875 0.01875
0 0.340625 0.3796875 0.0234375 0.0203125
0 0.353125 0.3515625 0.0234375 0.0171875
0 0.3234375 0.3421875 0.0203125 0.0296875
0 0.34375 0.3375 0.025 0.028125
0 0.3109375 0.309375 0.0234375 0.0203125
0 0.284375 0.3421875 0.0265625 0.0328125
0 0.3703125 0.446875 0.0125 0.0140625
0 0.428125 0.4046875 0.0296875 0.034375
0 0.4578125 0.3546875 0.0140625 0.015625
0 0.478125 0.3515625 0.0265625 0.0203125
0 0.4890625 0.5453125 0.021875 0.0296875
0 0.7078125 0.515625 0.021875 0.021875
0 0.609375 0.75625 0.025 0.028125
0 0.64375 0.759375 0.01875 0.0203125
0 0.6578125 0.753125 0.01875 0.0140625
0 0.571875 0.6578125 0.0203125 0.025
0 0.48125 0.6796875 0.0171875 0.0203125
0 0.4953125 0.7046875 0.025 0.021875
0 0.6453125 0.65625 0.0171875 0.0234375
0 0.6953125 0.6140625 0.0203125 0.0125
0 0.43125 0.5859375 0.0171875 0.01875
0 0.4671875 0.5640625 0.0203125 0.0234375
0 0.4625 0.51875 0.028125 0.025
0 0.3796875 0.5390625 0.015625 0.021875
0 0.39375 0.5546875 0.021875 0.0171875
0 0.40625 0.584375 0.0203125 0.025
0 0.40625 0.6140625 0.0234375 0.025
0 0.2484375 0.5234375 0.0296875 0.0265625
0 0.228125 0.4671875 0.0265625 0.03125
0 0.1921875 0.546875 0.0203125 0.0234375
0 0.2109375 0.5484375 0.021875 0.021875
0 0.296875 0.4828125 0.0328125 0.04375
0 0.3125 0.671875 0.0265625 0.0296875
0 0.3296875 0.7203125 0.021875 0.01875
0 0.31875 0.7640625 0.0265625 0.0234375
0 0.321875 0.784375 0.028125 0.025
0 0.384375 0.7515625 0.021875 0.0265625
0 0.3578125 0.721875 0.0265625 0.028125
0 0.3015625 0.590625 0.01875 0.021875
0 0.3390625 0.6046875 0.0171875 0.015625
0 0.3578125 0.621875 0.025 0.021875
0 0.228125 0.6109375 0.0265625 0.021875
0 0.3859375 0.4859375 0.015625 0.0203125
0 0.440625 0.45625 0.0171875 0.0203125
0 0.459375 0.484375 0.0203125 0.015625
0 0.284375 0.259375 0.01875 0.0140625
0 0.2640625 0.29375 0.028125 0.0203125
0 0.2890625 0.2765625 0.01875 0.021875
0 0.2734375 0.278125 0.0171875 0.021875
0 0.31875 0.28125 0.028125 0.0265625
0 0.409375 0.2671875 0.059375 0.0375
0 0.4625 0.259375 0.0359375 0.0375
0 0.39375 0.3421875 0.0296875 0.0375
0 0.4359375 0.334375 0.0171875 0.0234375
0 0.4140625 0.334375 0.0234375 0.0234375
0 0.290625 0.4015625 0.0234375 0.021875
0 0.2171875 0.421875 0.021875 0.025
0 0.246875 0.434375 0.04375 0.025
0 0.21875 0.3875 0.0265625 0.021875
0 0.575 0.7265625 0.0203125 0.01875
0 0.5421875 0.7703125 0.0203125 0.01875
0 0.4515625 0.7796875 0.0234375 0.015625