0 0.1630859359375 0.51328125 0.169921875 0.5005859359375 0.1572265640625 0.495703125 0.15234375 0.5083984359375 0.1630859359375 0.51328125
0 0.1591796859375 0.57578125 0.16015625 0.5611328140625 0.1513671859375 0.562109375 0.1484375 0.5728515640625 0.1591796859375 0.57578125
0 0.15625 0.5630859359375 0.158203125 0.5748046859375 0.1689453140625 0.57578125 0.1796875 0.5611328140625 0.1630859359375 0.55625 0.15625 0.5630859359375
0 0.2158203140625 0.585546875 0.216796875 0.5728515640625 0.2060546859375 0.571875 0.201171875 0.5826171859375 0.2158203140625 0.585546875
0 0.248046875 0.5044921859375 0.2451171859375 0.495703125 0.2333984359375 0.495703125 0.2333984359375 0.509375 0.248046875 0.5044921859375
0 0.2529296859375 0.526953125 0.259765625 0.5181640640625 0.2470703140625 0.511328125 0.2421875 0.5201171859375 0.2529296859375 0.526953125
0 0.228515625 0.4771484359375 0.2333984359375 0.48984375 0.25 0.4849609359375 0.2451171859375 0.472265625 0.2333984359375 0.472265625 0.228515625 0.4771484359375
0 0.234375 0.4283203140625 0.2294921859375 0.415625 0.212890625 0.4205078140625 0.2177734359375 0.43515625 0.234375 0.4283203140625
0 0.1904296859375 0.3921875 0.1953125 0.3814453140625 0.1845703140625 0.378515625 0.1796875 0.3892578140625 0.1904296859375 0.3921875
0 0.2021484359375 0.382421875 0.2119140640625 0.382421875 0.21875 0.3736328140625 0.2138671859375 0.36484375 0.197265625 0.3697265640625 0.2021484359375 0.382421875
0 0.2333984359375 0.374609375 0.23828125 0.3638671859375 0.2255859359375 0.3609375 0.220703125 0.3697265640625 0.2333984359375 0.374609375
0 0.2626953140625 0.339453125 0.265625 0.3287109359375 0.2548828140625 0.32578125 0.25 0.3345703140625 0.2626953140625 0.339453125
0 0.1650390640625 0.655859375 0.171875 0.6431640640625 0.1591796859375 0.640234375 0.15625 0.6509765640625 0.1650390640625 0.655859375
0 0.328125 0.7564453140625 0.3349609359375 0.76328125 0.3427734359375 0.761328125 0.345703125 0.7447265640625 0.3310546859375 0.74375 0.328125 0.7564453140625
0 0.369140625 0.7056640640625 0.3681640640625 0.69296875 0.3515625 0.6939453140625 0.3544921859375 0.710546875 0.369140625 0.7056640640625
0 0.345703125 0.7193359359375 0.3388671859375 0.710546875 0.328125 0.7134765640625 0.3310546859375 0.728125 0.345703125 0.7193359359375
0 0.3037109359375 0.726171875 0.3095703140625 0.728125 0.318359375 0.7193359359375 0.3115234359375 0.70859375 0.30078125 0.7134765640625 0.3037109359375 0.726171875
0 0.3017578140625 0.7125 0.30859375 0.6978515640625 0.2958984359375 0.694921875 0.291015625 0.7076171859375 0.3017578140625 0.7125
0 0.177734375 0.6919921859375 0.1845703140625 0.698828125 0.1943359359375 0.696875 0.197265625 0.6880859359375 0.1845703140625 0.68515625 0.177734375 0.6919921859375
0 0.16796875 0.6861328140625 0.1767578140625 0.69296875 0.189453125 0.6822265640625 0.1845703140625 0.675390625 0.1728515640625 0.675390625 0.16796875 0.6861328140625
0 0.166015625 0.6626953140625 0.1748046859375 0.665625 0.181640625 0.6509765640625 0.1708984359375 0.64609375 0.166015625 0.6509765640625 0.166015625 0.6626953140625
0 0.1826171859375 0.6734375 0.193359375 0.6568359359375 0.1748046859375 0.648046875 0.171875 0.6646484359375 0.1826171859375 0.6734375
0 0.2197265640625 0.659765625 0.224609375 0.6470703140625 0.2158203140625 0.6421875 0.2109375 0.6568359359375 0.2197265640625 0.659765625
0 0.2451171859375 0.667578125 0.248046875 0.6587890640625 0.2392578140625 0.655859375 0.236328125 0.6646484359375 0.2451171859375 0.667578125
0 0.2529296859375 0.6578125 0.2578125 0.6509765640625 0.2451171859375 0.644140625 0.240234375 0.6548828140625 0.2529296859375 0.6578125
0 0.271484375 0.6685546859375 0.2685546859375 0.6578125 0.2578125 0.6607421859375 0.2607421859375 0.671484375 0.271484375 0.6685546859375
0 0.2666015640625 0.65390625 0.271484375 0.6431640640625 0.2607421859375 0.6421875 0.259765625 0.6509765640625 0.2666015640625 0.65390625
0 0.2919921859375 0.667578125 0.294921875 0.6568359359375 0.2802734359375 0.651953125 0.27734375 0.6666015640625 0.2919921859375 0.667578125
0 0.3056640640625 0.665625 0.30859375 0.6529296859375 0.296875 0.6529296859375 0.296875 0.6626953140625 0.3056640640625 0.665625
0 0.3173828140625 0.665625 0.32421875 0.6548828140625 0.3115234359375 0.65 0.30859375 0.6607421859375 0.3173828140625 0.665625
0 0.310546875 0.6431640640625 0.3076171859375 0.632421875 0.2978515640625 0.634375 0.2998046859375 0.64609375 0.310546875 0.6431640640625
0 0.443359375 0.7095703140625 0.4384765640625 0.69296875 0.421875 0.6978515640625 0.4287109359375 0.714453125 0.443359375 0.7095703140625
0 0.51953125 0.7349609359375 0.5166015640625 0.7203125 0.501953125 0.7212890640625 0.5029296859375 0.737890625 0.51953125 0.7349609359375
0 0.48828125 0.7662109359375 0.4990234359375 0.776953125 0.51171875 0.7662109359375 0.5029296859375 0.753515625 0.490234375 0.7583984359375 0.48828125 0.7662109359375
0 0.5185546859375 0.784765625 0.52734375 0.7720703140625 0.5146484359375 0.765234375 0.509765625 0.7818359359375 0.5185546859375 0.784765625
0 0.3427734359375 0.6578125 0.345703125 0.6412109359375 0.3330078140625 0.640234375 0.330078125 0.6568359359375 0.3427734359375 0.6578125
0 0.296875 0.3052734359375 0.2958984359375 0.29453125 0.2802734359375 0.29453125 0.2802734359375 0.308203125 0.296875 0.3052734359375
0 0.291015625 0.2916015640625 0.2861328140625 0.2828125 0.27734375 0.2857421859375 0.2783203140625 0.29453125 0.291015625 0.2916015640625
0 0.3642578140625 0.27890625 0.3671875 0.2681640640625 0.3564453140625 0.2671875 0.353515625 0.2759765640625 0.3642578140625 0.27890625
0 0.37890625 0.23300781406249998 0.3720703140625 0.2203125 0.359375 0.2232421859375 0.3623046859375 0.241796875 0.37890625 0.23300781406249998
0 0.37890625 0.2115234359375 0.3857421859375 0.218359375 0.400390625 0.2115234359375 0.3974609359375 0.20078125 0.380859375 0.2037109359375 0.37890625 0.2115234359375
0 0.3408203140625 0.331640625 0.341796875 0.3228515640625 0.3310546859375 0.319921875 0.326171875 0.3287109359375 0.3408203140625 0.331640625
0 0.3447265640625 0.37265625 0.349609375 0.3599609359375 0.3349609359375 0.35703125 0.33203125 0.3697265640625 0.3447265640625 0.37265625
0 0.31640625 0.3697265640625 0.3154296859375 0.3609375 0.3037109359375 0.3609375 0.3037109359375 0.37265625 0.31640625 0.3697265640625
0 0.3251953140625 0.386328125 0.3330078140625 0.390234375 0.341796875 0.3853515640625 0.3388671859375 0.374609375 0.3271484359375 0.374609375 0.3251953140625 0.386328125
0 0.3017578140625 0.4078125 0.3115234359375 0.4078125 0.318359375 0.3990234359375 0.3134765640625 0.3921875 0.2998046859375 0.394140625 0.3017578140625 0.4078125
0 0.310546875 0.3892578140625 0.3056640640625 0.38046875 0.2978515640625 0.382421875 0.2978515640625 0.3921875 0.310546875 0.3892578140625
0 0.3125 0.4322265640625 0.3095703140625 0.421484375 0.296875 0.4244140640625 0.2998046859375 0.43515625 0.3125 0.4322265640625
0 0.2705078140625 0.4625 0.2802734359375 0.464453125 0.287109375 0.4556640640625 0.2822265640625 0.446875 0.26953125 0.4498046859375 0.2705078140625 0.4625
0 0.296875 0.4615234359375 0.2939453140625 0.452734375 0.28515625 0.4556640640625 0.2880859359375 0.46640625 0.296875 0.4615234359375
0 0.2861328140625 0.487890625 0.291015625 0.4751953140625 0.2763671859375 0.472265625 0.2734375 0.4849609359375 0.2861328140625 0.487890625
0 0.296875 0.4947265640625 0.2958984359375 0.487890625 0.28515625 0.4888671859375 0.2880859359375 0.499609375 0.296875 0.4947265640625
0 0.3115234359375 0.48984375 0.31640625 0.4810546859375 0.3056640640625 0.476171875 0.30078125 0.4849609359375 0.3115234359375 0.48984375
0 0.2900390640625 0.530859375 0.294921875 0.5201171859375 0.2841796859375 0.5171875 0.28125 0.5259765640625 0.2900390640625 0.530859375
0 0.2421875 0.5767578140625 0.2353515640625 0.56796875 0.224609375 0.5728515640625 0.2275390640625 0.585546875 0.2421875 0.5767578140625
0 0.2177734359375 0.632421875 0.220703125 0.6197265640625 0.2060546859375 0.612890625 0.201171875 0.6236328140625 0.2177734359375 0.632421875
0 0.2353515640625 0.63828125 0.2421875 0.6294921859375 0.2333984359375 0.624609375 0.228515625 0.6353515640625 0.2353515640625 0.63828125
0 0.220703125 0.6158203140625 0.2236328140625 0.632421875 0.236328125 0.6236328140625 0.236328125 0.6099609359375 0.2275390640625 0.608984375 0.220703125 0.6158203140625
0 0.2958984359375 0.616796875 0.30078125 0.6060546859375 0.2900390640625 0.601171875 0.28515625 0.6119140640625 0.2958984359375 0.616796875
0 0.33203125 0.6255859359375 0.3271484359375 0.61484375 0.314453125 0.6177734359375 0.3173828140625 0.63046875 0.33203125 0.6255859359375
0 0.3671875 0.6216796859375 0.3642578140625 0.612890625 0.3515625 0.6138671859375 0.3544921859375 0.6265625 0.3671875 0.6216796859375
0 0.2685546859375 0.6265625 0.2734375 0.6158203140625 0.2646484359375 0.6109375 0.2578125 0.6216796859375 0.2685546859375 0.6265625
0 0.2509765640625 0.616796875 0.251953125 0.6060546859375 0.2431640640625 0.605078125 0.240234375 0.6138671859375 0.2509765640625 0.616796875
0 0.25390625 0.6041015640625 0.2607421859375 0.60703125 0.27734375 0.5962890640625 0.2744140640625 0.5875 0.2587890640625 0.593359375 0.25390625 0.6041015640625
0 0.2568359359375 0.581640625 0.26171875 0.5728515640625 0.2529296859375 0.56796875 0.248046875 0.5767578140625 0.2568359359375 0.581640625
0 0.3134765640625 0.61484375 0.3203125 0.6060546859375 0.3095703140625 0.59921875 0.3046875 0.6099609359375 0.3134765640625 0.61484375
0 0.3203125 0.5943359359375 0.3173828140625 0.585546875 0.30859375 0.5865234359375 0.3095703140625 0.597265625 0.3203125 0.5943359359375
0 0.275390625 0.5845703140625 0.2724609359375 0.577734375 0.2646484359375 0.577734375 0.2666015640625 0.5875 0.275390625 0.5845703140625
0 0.2734375 0.5728515640625 0.2685546859375 0.558203125 0.259765625 0.5611328140625 0.2646484359375 0.57578125 0.2734375 0.5728515640625
0 0.2978515640625 0.581640625 0.30078125 0.5708984359375 0.2919921859375 0.569921875 0.287109375 0.5787109359375 0.2978515640625 0.581640625
0 0.2763671859375 0.577734375 0.2802734359375 0.5875 0.28515625 0.5806640640625 0.2763671859375 0.577734375
0 0.2783203140625 0.566015625 0.2783203140625 0.57578125 0.291015625 0.5689453140625 0.2783203140625 0.566015625
0 0.2958984359375 0.5640625 0.296875 0.5552734359375 0.2861328140625 0.550390625 0.283203125 0.5630859359375 0.2958984359375 0.5640625
0 0.341796875 0.5689453140625 0.3369140640625 0.562109375 0.3291015640625 0.5640625 0.3310546859375 0.573828125 0.341796875 0.5689453140625
0 0.3271484359375 0.608984375 0.33203125 0.6001953140625 0.3232421859375 0.597265625 0.3203125 0.6041015640625 0.3271484359375 0.608984375
0 0.3369140640625 0.59921875 0.33984375 0.5904296859375 0.3310546859375 0.5875 0.328125 0.5962890640625 0.3369140640625 0.59921875
0 0.3583984359375 0.605078125 0.361328125 0.5943359359375 0.3525390640625 0.59140625 0.34765625 0.6001953140625 0.3583984359375 0.605078125
0 0.3671875 0.5806640640625 0.3642578140625 0.56796875 0.3544921859375 0.569921875 0.3544921859375 0.581640625 0.3671875 0.5806640640625
0 0.3427734359375 0.573828125 0.3427734359375 0.59140625 0.359375 0.5884765640625 0.3427734359375 0.573828125
0 0.328125 0.5513671859375 0.3232421859375 0.540625 0.314453125 0.5435546859375 0.3173828140625 0.554296875 0.328125 0.5513671859375
0 0.3349609359375 0.54453125 0.337890625 0.5357421859375 0.3291015640625 0.5328125 0.32421875 0.5396484359375 0.3349609359375 0.54453125
0 0.3486328140625 0.538671875 0.353515625 0.5298828140625 0.3427734359375 0.526953125 0.341796875 0.5357421859375 0.3486328140625 0.538671875
0 0.3115234359375 0.530859375 0.314453125 0.5220703140625 0.3037109359375 0.519140625 0.30078125 0.5259765640625 0.3115234359375 0.530859375
0 0.3193359359375 0.538671875 0.322265625 0.5318359359375 0.3134765640625 0.52890625 0.3125 0.5376953140625 0.3193359359375 0.538671875
0 0.3095703140625 0.5640625 0.314453125 0.5513671859375 0.3076171859375 0.546484375 0.302734375 0.5591796859375 0.3095703140625 0.5640625
0 0.3134765640625 0.56796875 0.3203125 0.5650390640625 0.3154296859375 0.554296875 0.30859375 0.5611328140625 0.3134765640625 0.56796875
0 0.318359375 0.5123046859375 0.3134765640625 0.5015625 0.3046875 0.5044921859375 0.3095703140625 0.5171875 0.318359375 0.5123046859375
0 0.3291015640625 0.507421875 0.33203125 0.4966796859375 0.3212890640625 0.49375 0.318359375 0.5044921859375 0.3291015640625 0.507421875
0 0.322265625 0.5103515640625 0.3310546859375 0.525 0.333984375 0.5123046859375 0.322265625 0.5103515640625
0 0.34765625 0.4947265640625 0.3427734359375 0.4859375 0.3349609359375 0.4859375 0.3369140640625 0.499609375 0.34765625 0.4947265640625
0 0.3525390640625 0.507421875 0.35546875 0.4986328140625 0.3466796859375 0.495703125 0.34375 0.5044921859375 0.3525390640625 0.507421875
0 0.3857421859375 0.503515625 0.390625 0.4927734359375 0.3779296859375 0.48984375 0.375 0.5005859359375 0.3857421859375 0.503515625
0 0.3876953140625 0.52109375 0.390625 0.5123046859375 0.3798828140625 0.507421875 0.376953125 0.5201171859375 0.3876953140625 0.52109375
0 0.3798828140625 0.54453125 0.384765625 0.5357421859375 0.3740234359375 0.5328125 0.37109375 0.5396484359375 0.3798828140625 0.54453125
0 0.3740234359375 0.55625 0.376953125 0.5474609359375 0.3681640640625 0.542578125 0.36328125 0.5513671859375 0.3740234359375 0.55625
0 0.3916015640625 0.550390625 0.396484375 0.5376953140625 0.384765625 0.5357421859375 0.380859375 0.5435546859375 0.3916015640625 0.550390625
0 0.412109375 0.5298828140625 0.4091796859375 0.523046875 0.3994140640625 0.523046875 0.4013671859375 0.534765625 0.412109375 0.5298828140625
0 0.4169921859375 0.550390625 0.419921875 0.5416015640625 0.4072265640625 0.53671875 0.400390625 0.5474609359375 0.4169921859375 0.550390625
0 0.4052734359375 0.554296875 0.40625 0.5416015640625 0.3994140640625 0.542578125 0.39453125 0.5494140640625 0.4052734359375 0.554296875
0 0.353515625 0.4654296859375 0.3525390640625 0.456640625 0.33984375 0.4576171859375 0.3427734359375 0.468359375 0.353515625 0.4654296859375
0 0.3466796859375 0.446875 0.3515625 0.4361328140625 0.3388671859375 0.433203125 0.3359375 0.4419921859375 0.3466796859375 0.446875
0 0.373046875 0.4283203140625 0.3662109359375 0.417578125 0.35546875 0.4224609359375 0.3583984359375 0.433203125 0.373046875 0.4283203140625
0 0.384765625 0.4341796859375 0.3818359359375 0.425390625 0.373046875 0.4263671859375 0.3740234359375 0.437109375 0.384765625 0.4341796859375
0 0.408203125 0.4380859359375 0.4072265640625 0.42734375 0.3935546859375 0.42734375 0.3935546859375 0.441015625 0.408203125 0.4380859359375
0 0.4052734359375 0.45859375 0.41015625 0.4458984359375 0.3955078140625 0.44296875 0.392578125 0.4556640640625 0.4052734359375 0.45859375
0 0.384765625 0.4517578140625 0.3798828140625 0.44296875 0.36328125 0.4478515640625 0.3662109359375 0.460546875 0.384765625 0.4517578140625
0 0.3828125 0.4654296859375 0.3779296859375 0.45859375 0.3662109359375 0.460546875 0.3701171859375 0.472265625 0.3828125 0.4654296859375
0 0.419921875 0.4634765640625 0.4248046859375 0.468359375 0.439453125 0.4634765640625 0.4345703140625 0.45078125 0.4228515640625 0.452734375 0.419921875 0.4634765640625
0 0.451171875 0.4810546859375 0.4482421859375 0.4703125 0.43359375 0.4712890640625 0.4365234359375 0.4859375 0.451171875 0.4810546859375
0 0.4140625 0.5142578140625 0.4228515640625 0.52109375 0.43359375 0.5044921859375 0.4228515640625 0.5015625 0.416015625 0.5083984359375 0.4140625 0.5142578140625
0 0.490234375 0.5201171859375 0.4892578140625 0.507421875 0.47265625 0.5083984359375 0.4755859359375 0.523046875 0.490234375 0.5201171859375
0 0.4072265640625 0.5875 0.41015625 0.5748046859375 0.3994140640625 0.573828125 0.396484375 0.5826171859375 0.4072265640625 0.5875
0 0.4169921859375 0.5953125 0.419921875 0.5865234359375 0.4111328140625 0.58359375 0.408203125 0.5904296859375 0.4169921859375 0.5953125
0 0.4189453140625 0.63046875 0.423828125 0.6099609359375 0.408203125 0.6099609359375 0.41015625 0.6294921859375 0.4189453140625 0.63046875
0 0.4091796859375 0.6578125 0.41796875 0.6451171859375 0.4052734359375 0.640234375 0.3984375 0.6470703140625 0.4091796859375 0.6578125
0 0.4365234359375 0.65390625 0.44140625 0.6412109359375 0.4287109359375 0.636328125 0.423828125 0.6490234359375 0.4365234359375 0.65390625
0 0.41796875 0.6880859359375 0.4248046859375 0.694921875 0.4375 0.6900390640625 0.4365234359375 0.675390625 0.419921875 0.6783203140625 0.41796875 0.6880859359375
0 0.4248046859375 0.6734375 0.43359375 0.6548828140625 0.4169921859375 0.65 0.408203125 0.6626953140625 0.4248046859375 0.6734375
0 0.4501953140625 0.694921875 0.455078125 0.6822265640625 0.4423828140625 0.679296875 0.439453125 0.6900390640625 0.4501953140625 0.694921875
0 0.4765625 0.6724609359375 0.4736328140625 0.66171875 0.4609375 0.6646484359375 0.4638671859375 0.67734375 0.4765625 0.6724609359375
0 0.462890625 0.6177734359375 0.4599609359375 0.605078125 0.44921875 0.6080078140625 0.4541015640625 0.620703125 0.462890625 0.6177734359375
0 0.4267578140625 0.571875 0.4296875 0.5630859359375 0.4189453140625 0.56015625 0.416015625 0.5689453140625 0.4267578140625 0.571875
0 0.4345703140625 0.5875 0.44140625 0.5728515640625 0.4287109359375 0.569921875 0.423828125 0.5826171859375 0.4345703140625 0.5875
0 0.4541015640625 0.585546875 0.458984375 0.5748046859375 0.4482421859375 0.571875 0.4453125 0.5826171859375 0.4541015640625 0.585546875
0 0.4609375 0.5572265640625 0.4658203140625 0.562109375 0.48046875 0.5552734359375 0.4755859359375 0.546484375 0.4638671859375 0.546484375 0.4609375 0.5572265640625
0 0.4833984359375 0.58359375 0.48828125 0.5708984359375 0.4736328140625 0.566015625 0.46875 0.5806640640625 0.4833984359375 0.58359375
0 0.48828125 0.5689453140625 0.4853515640625 0.558203125 0.4765625 0.5591796859375 0.4775390640625 0.56796875 0.48828125 0.5689453140625
0 0.5048828140625 0.54453125 0.509765625 0.5337890640625 0.4931640640625 0.526953125 0.48828125 0.5396484359375 0.5048828140625 0.54453125
0 0.52734375 0.5708984359375 0.5185546859375 0.558203125 0.5078125 0.5630859359375 0.5107421859375 0.57578125 0.52734375 0.5708984359375
0 0.5322265640625 0.566015625 0.53515625 0.5552734359375 0.5244140640625 0.55234375 0.51953125 0.5591796859375 0.5322265640625 0.566015625
0 0.5400390640625 0.554296875 0.548828125 0.5416015640625 0.5341796859375 0.534765625 0.52734375 0.5455078140625 0.5400390640625 0.554296875
0 0.5302734359375 0.636328125 0.53515625 0.6255859359375 0.5224609359375 0.620703125 0.517578125 0.6314453140625 0.5302734359375 0.636328125
0 0.5380859359375 0.665625 0.54296875 0.6548828140625 0.5322265640625 0.65 0.52734375 0.6626953140625 0.5380859359375 0.665625
0 0.5283203140625 0.7203125 0.53515625 0.7095703140625 0.5244140640625 0.70078125 0.517578125 0.7134765640625 0.5283203140625 0.7203125
0 0.5712890640625 0.74765625 0.576171875 0.7349609359375 0.5634765640625 0.730078125 0.55859375 0.7427734359375 0.5712890640625 0.74765625
0 0.5791015640625 0.7125 0.583984375 0.6998046859375 0.5693359359375 0.696875 0.568359375 0.7095703140625 0.5791015640625 0.7125
0 0.5556640640625 0.70078125 0.560546875 0.6880859359375 0.5458984359375 0.683203125 0.541015625 0.6939453140625 0.5556640640625 0.70078125
0 0.5576171859375 0.68515625 0.560546875 0.6705078140625 0.5478515640625 0.66953125 0.544921875 0.6822265640625 0.5576171859375 0.68515625
0 0.583984375 0.6861328140625 0.5791015640625 0.675390625 0.56640625 0.6783203140625 0.5712890640625 0.69296875 0.583984375 0.6861328140625
0 0.5634765640625 0.651953125 0.568359375 0.6392578140625 0.5517578140625 0.634375 0.548828125 0.6490234359375 0.5634765640625 0.651953125
0 0.5498046859375 0.632421875 0.556640625 0.6197265640625 0.5439453140625 0.616796875 0.541015625 0.6275390640625 0.5498046859375 0.632421875
0 0.5810546859375 0.581640625 0.58984375 0.5728515640625 0.5771484359375 0.5640625 0.572265625 0.5748046859375 0.5810546859375 0.581640625
0 0.6064453140625 0.63828125 0.611328125 0.6275390640625 0.5966796859375 0.62265625 0.59375 0.6353515640625 0.6064453140625 0.63828125
0 0.6328125 0.6197265640625 0.6279296859375 0.608984375 0.6162109359375 0.608984375 0.6142578140625 0.62265625 0.6328125 0.6197265640625
0 0.6328125 0.6626953140625 0.6318359359375 0.65 0.6171875 0.6509765640625 0.6181640640625 0.66171875 0.6328125 0.6626953140625
0 0.6162109359375 0.683203125 0.62109375 0.6724609359375 0.6083984359375 0.667578125 0.603515625 0.6783203140625 0.6162109359375 0.683203125
0 0.658203125 0.6783203140625 0.6552734359375 0.663671875 0.640625 0.6666015640625 0.6435546859375 0.679296875 0.658203125 0.6783203140625
0 0.640625 0.6900390640625 0.6494140640625 0.694921875 0.66015625 0.6724609359375 0.6552734359375 0.663671875 0.6455078140625 0.66171875 0.640625 0.6900390640625
0 0.609375 0.7212890640625 0.6220703140625 0.726171875 0.630859375 0.7056640640625 0.6259765640625 0.70078125 0.615234375 0.7037109359375 0.609375 0.7212890640625
0 0.609375 0.7486328140625 0.6181640640625 0.759375 0.6328125 0.7525390640625 0.6298828140625 0.7359375 0.611328125 0.7388671859375 0.609375 0.7486328140625
0 0.6298828140625 0.605078125 0.6328125 0.5943359359375 0.6220703140625 0.59140625 0.62109375 0.6021484359375 0.6298828140625 0.605078125
0 0.6455078140625 0.589453125 0.6484375 0.5787109359375 0.6357421859375 0.57578125 0.6328125 0.5865234359375 0.6455078140625 0.589453125
0 0.68359375 0.5572265640625 0.6806640640625 0.542578125 0.662109375 0.5435546859375 0.6650390640625 0.558203125 0.68359375 0.5572265640625
0 0.4697265640625 0.44296875 0.474609375 0.4341796859375 0.4619140640625 0.429296875 0.458984375 0.4380859359375 0.4697265640625 0.44296875
0 0.4228515640625 0.415625 0.42578125 0.4048828140625 0.4150390640625 0.401953125 0.41015625 0.4107421859375 0.4228515640625 0.415625
0 0.3779296859375 0.38828125 0.3828125 0.3794921859375 0.3720703140625 0.374609375 0.369140625 0.3853515640625 0.3779296859375 0.38828125
0 0.3984375 0.3775390640625 0.3955078140625 0.36875 0.3857421859375 0.36875 0.3876953140625 0.382421875 0.3984375 0.3775390640625
0 0.3896484359375 0.355078125 0.39453125 0.3462890640625 0.3837890640625 0.343359375 0.380859375 0.3521484359375 0.3896484359375 0.355078125
0 0.40234375 0.3423828140625 0.3994140640625 0.335546875 0.3837890640625 0.335546875 0.3837890640625 0.3453125 0.40234375 0.3423828140625
0 0.412109375 0.3345703140625 0.4169921859375 0.343359375 0.4296875 0.3404296859375 0.4287109359375 0.331640625 0.4169921859375 0.3296875 0.412109375 0.3345703140625
0 0.4970703140625 0.33359375 0.50390625 0.3228515640625 0.4892578140625 0.316015625 0.484375 0.3267578140625 0.4970703140625 0.33359375
0 0.4716796859375 0.280859375 0.474609375 0.2701171859375 0.4599609359375 0.265234375 0.455078125 0.2759765640625 0.4716796859375 0.280859375
0 0.4501953140625 0.265234375 0.453125 0.2564453140625 0.4423828140625 0.253515625 0.439453125 0.2642578140625 0.4501953140625 0.265234375
0 0.4365234359375 0.253515625 0.439453125 0.2388671859375 0.4267578140625 0.237890625 0.421875 0.24863281406249998 0.4365234359375 0.253515625
0 0.482421875 0.3462890640625 0.4755859359375 0.339453125 0.46484375 0.3423828140625 0.4697265640625 0.355078125 0.482421875 0.3462890640625
0 0.43359375 0.3501953140625 0.4404296859375 0.35703125 0.455078125 0.3560546859375 0.4541015640625 0.3453125 0.4365234359375 0.34140625 0.43359375 0.3501953140625
0 0.48046875 0.3638671859375 0.4775390640625 0.35703125 0.4697265640625 0.35703125 0.4697265640625 0.366796875 0.48046875 0.3638671859375
0 0.4658203140625 0.401953125 0.470703125 0.3912109359375 0.4580078140625 0.386328125 0.453125 0.3990234359375 0.4658203140625 0.401953125
0 0.48828125 0.3814453140625 0.4853515640625 0.374609375 0.4775390640625 0.374609375 0.4775390640625 0.384375 0.48828125 0.3814453140625
0 0.501953125 0.3697265640625 0.4990234359375 0.3609375 0.4912109359375 0.3609375 0.4912109359375 0.370703125 0.501953125 0.3697265640625
0 0.4833984359375 0.413671875 0.486328125 0.4029296859375 0.4736328140625 0.398046875 0.46875 0.4107421859375 0.4833984359375 0.413671875
0 0.4912109359375 0.415625 0.494140625 0.4087890640625 0.484375 0.4048828140625 0.482421875 0.4126953140625 0.4912109359375 0.415625
0 0.501953125 0.4283203140625 0.5009765640625 0.41953125 0.4921875 0.4205078140625 0.4931640640625 0.429296875 0.501953125 0.4283203140625
0 0.5029296859375 0.394140625 0.5078125 0.3814453140625 0.4931640640625 0.378515625 0.4921875 0.3892578140625 0.5029296859375 0.394140625
0 0.5146484359375 0.39609375 0.51953125 0.3853515640625 0.5087890640625 0.382421875 0.505859375 0.3912109359375 0.5146484359375 0.39609375
0 0.5244140640625 0.36875 0.52734375 0.3619140640625 0.5205078140625 0.358984375 0.517578125 0.3658203140625 0.5244140640625 0.36875
0 0.5400390640625 0.374609375 0.54296875 0.3677734359375 0.5341796859375 0.362890625 0.529296875 0.3697265640625 0.5400390640625 0.374609375
0 0.5341796859375 0.3921875 0.5390625 0.3853515640625 0.5283203140625 0.38046875 0.525390625 0.3892578140625 0.5341796859375 0.3921875
0 0.5322265640625 0.39609375 0.5361328140625 0.405859375 0.54296875 0.4009765640625 0.5322265640625 0.39609375
0 0.55078125 0.4244140640625 0.5458984359375 0.413671875 0.5341796859375 0.41171875 0.5322265640625 0.425390625 0.55078125 0.4244140640625
0 0.5576171859375 0.4390625 0.55859375 0.4302734359375 0.5478515640625 0.425390625 0.541015625 0.4361328140625 0.5576171859375 0.4390625
0 0.576171875 0.4380859359375 0.5732421859375 0.42734375 0.560546875 0.4283203140625 0.5634765640625 0.44296875 0.576171875 0.4380859359375
0 0.564453125 0.4908203140625 0.5595703140625 0.478125 0.544921875 0.4810546859375 0.5458984359375 0.49375 0.564453125 0.4908203140625
0 0.5859375 0.3990234359375 0.5810546859375 0.390234375 0.572265625 0.3931640640625 0.5751953140625 0.40390625 0.5859375 0.3990234359375
0 0.5126953140625 0.22421875 0.517578125 0.2154296859375 0.5068359359375 0.210546875 0.50390625 0.22128906406249998 0.5126953140625 0.22421875
0 0.5244140640625 0.2828125 0.525390625 0.2759765640625 0.5146484359375 0.27109375 0.509765625 0.2798828140625 0.5244140640625 0.2828125
0 0.5380859359375 0.30625 0.54296875 0.2955078140625 0.5302734359375 0.292578125 0.52734375 0.3013671859375 0.5380859359375 0.30625
0 0.548828125 0.2701171859375 0.5458984359375 0.257421875 0.5302734359375 0.259375 0.5322265640625 0.273046875 0.548828125 0.2701171859375
0 0.5556640640625 0.245703125 0.55859375 0.2388671859375 0.5458984359375 0.233984375 0.54296875 0.2427734359375 0.5556640640625 0.245703125
0 0.564453125 0.2232421859375 0.5556640640625 0.214453125 0.548828125 0.21738281406249998 0.5517578140625 0.228125 0.564453125 0.2232421859375
0 0.583984375 0.2603515640625 0.5791015640625 0.2515625 0.5712890640625 0.2515625 0.5712890640625 0.26328125 0.583984375 0.2603515640625
0 0.6123046859375 0.2125 0.615234375 0.20175781406249998 0.6025390640625 0.198828125 0.599609375 0.20957031406249998 0.6123046859375 0.2125
0 0.63671875 0.2115234359375 0.6337890640625 0.202734375 0.6240234359375 0.202734375 0.6240234359375 0.214453125 0.63671875 0.2115234359375
0 0.6220703140625 0.253515625 0.626953125 0.24472656406249998 0.6142578140625 0.23984375 0.611328125 0.2505859359375 0.6220703140625 0.253515625
0 0.580078125 0.3091796859375 0.5849609359375 0.312109375 0.6015625 0.3052734359375 0.5908203140625 0.29453125 0.5830078140625 0.296484375 0.580078125 0.3091796859375
0 0.5625 0.3208984359375 0.5693359359375 0.327734375 0.580078125 0.3228515640625 0.5791015640625 0.3140625 0.564453125 0.3130859359375 0.5625 0.3208984359375
0 0.6240234359375 0.312109375 0.6357421859375 0.312109375 0.640625 0.3052734359375 0.6318359359375 0.29453125 0.62109375 0.2994140640625 0.6240234359375 0.312109375
0 0.671875 0.2798828140625 0.6708984359375 0.27109375 0.654296875 0.2701171859375 0.6572265640625 0.2828125 0.671875 0.2798828140625
0 0.66015625 0.24863281406249998 0.6669921859375 0.25546875 0.677734375 0.2505859359375 0.6708984359375 0.241796875 0.6630859359375 0.24375 0.66015625 0.24863281406249998
0 0.6962890640625 0.249609375 0.697265625 0.2427734359375 0.6865234359375 0.237890625 0.681640625 0.2466796859375 0.6962890640625 0.249609375
0 0.5302734359375 0.3453125 0.5341796859375 0.35703125 0.546875 0.3482421859375 0.5302734359375 0.3453125
0 0.5546875 0.3580078140625 0.5498046859375 0.347265625 0.541015625 0.3482421859375 0.5419921859375 0.3609375 0.5546875 0.3580078140625
0 0.564453125 0.3501953140625 0.5615234359375 0.343359375 0.5537109359375 0.343359375 0.5556640640625 0.355078125 0.564453125 0.3501953140625
0 0.5771484359375 0.362890625 0.578125 0.3560546859375 0.5712890640625 0.355078125 0.568359375 0.3599609359375 0.5771484359375 0.362890625
0 0.5751953140625 0.3765625 0.591796875 0.3677734359375 0.5791015640625 0.362890625 0.572265625 0.3697265640625 0.5751953140625 0.3765625
0 0.5986328140625 0.3453125 0.603515625 0.3365234359375 0.5927734359375 0.33359375 0.587890625 0.3404296859375 0.5986328140625 0.3453125
0 0.62109375 0.3521484359375 0.6162109359375 0.339453125 0.603515625 0.3404296859375 0.6044921859375 0.355078125 0.62109375 0.3521484359375
0 0.6005859359375 0.35703125 0.6015625 0.3462890640625 0.591796875 0.3443359359375 0.591796875 0.3541015640625 0.6005859359375 0.35703125
0 0.59765625 0.4087890640625 0.6025390640625 0.417578125 0.619140625 0.4126953140625 0.6162109359375 0.405859375 0.6025390640625 0.40390625 0.59765625 0.4087890640625
0 0.6220703140625 0.448828125 0.625 0.4380859359375 0.6123046859375 0.43515625 0.607421875 0.4458984359375 0.6220703140625 0.448828125
0 0.650390625 0.4087890640625 0.6494140640625 0.398046875 0.6357421859375 0.398046875 0.6357421859375 0.409765625 0.650390625 0.4087890640625
0 0.6650390640625 0.38828125 0.66796875 0.3775390640625 0.6552734359375 0.374609375 0.654296875 0.3833984359375 0.6650390640625 0.38828125
0 0.6806640640625 0.34921875 0.685546875 0.3384765640625 0.6728515640625 0.335546875 0.669921875 0.3443359359375 0.6806640640625 0.34921875
0 0.65625 0.3169921859375 0.6650390640625 0.323828125 0.6748046859375 0.321875 0.67578125 0.3111328140625 0.6630859359375 0.304296875 0.65625 0.3169921859375
0 0.6923828140625 0.3140625 0.697265625 0.3033203140625 0.6826171859375 0.2984375 0.681640625 0.3111328140625 0.6923828140625 0.3140625
0 0.712890625 0.2935546859375 0.7099609359375 0.284765625 0.697265625 0.2857421859375 0.6982421859375 0.296484375 0.712890625 0.2935546859375
0 0.7197265640625 0.27109375 0.72265625 0.2603515640625 0.7119140640625 0.257421875 0.708984375 0.2681640640625 0.7197265640625 0.27109375
0 0.595703125 0.5123046859375 0.5927734359375 0.503515625 0.5810546859375 0.503515625 0.5830078140625 0.515234375 0.595703125 0.5123046859375
0 0.607421875 0.4966796859375 0.6044921859375 0.487890625 0.5927734359375 0.487890625 0.5947265640625 0.499609375 0.607421875 0.4966796859375
0 0.6044921859375 0.487890625 0.60546875 0.4771484359375 0.5947265640625 0.476171875 0.591796875 0.4849609359375 0.6044921859375 0.487890625
0 0.619140625 0.4869140640625 0.6162109359375 0.47421875 0.6044921859375 0.47421875 0.6064453140625 0.48984375 0.619140625 0.4869140640625
0 0.650390625 0.4439453140625 0.6494140640625 0.437109375 0.6376953140625 0.437109375 0.6396484359375 0.446875 0.650390625 0.4439453140625
0 0.640625 0.4712890640625 0.6357421859375 0.460546875 0.6279296859375 0.4625 0.6318359359375 0.47421875 0.640625 0.4712890640625
0 0.6455078140625 0.5015625 0.6484375 0.4908203140625 0.6376953140625 0.487890625 0.6328125 0.4966796859375 0.6455078140625 0.5015625
0 0.6572265640625 0.45859375 0.66015625 0.4498046859375 0.6513671859375 0.446875 0.646484375 0.4537109359375 0.6572265640625 0.45859375
0 0.6708984359375 0.448828125 0.673828125 0.4419921859375 0.6650390640625 0.437109375 0.66015625 0.4439453140625 0.6708984359375 0.448828125
0 0.6806640640625 0.44296875 0.68359375 0.4341796859375 0.6728515640625 0.43125 0.669921875 0.4380859359375 0.6806640640625 0.44296875
0 0.654296875 0.4673828140625 0.6494140640625 0.45859375 0.6416015640625 0.460546875 0.6435546859375 0.472265625 0.654296875 0.4673828140625
0 0.673828125 0.4185546859375 0.6708984359375 0.4078125 0.65625 0.4107421859375 0.6611328140625 0.4234375 0.673828125 0.4185546859375
0 0.6845703140625 0.409765625 0.6875 0.4009765640625 0.6767578140625 0.398046875 0.673828125 0.4068359359375 0.6845703140625 0.409765625
0 0.703125 0.4146484359375 0.7021484359375 0.4078125 0.689453125 0.4068359359375 0.6904296859375 0.417578125 0.703125 0.4146484359375
0 0.673828125 0.4537109359375 0.6845703140625 0.4625 0.697265625 0.4556640640625 0.6884765640625 0.444921875 0.6787109359375 0.446875 0.673828125 0.4537109359375
0 0.68359375 0.4673828140625 0.6806640640625 0.45859375 0.6708984359375 0.456640625 0.6728515640625 0.468359375 0.68359375 0.4673828140625
0 0.6611328140625 0.64609375 0.666015625 0.6333984359375 0.6513671859375 0.628515625 0.646484375 0.6392578140625 0.6611328140625 0.64609375
0 0.6259765640625 0.835546875 0.630859375 0.8189453140625 0.6162109359375 0.816015625 0.61328125 0.8287109359375 0.6259765640625 0.835546875
0 0.6845703140625 0.81015625 0.69140625 0.7955078140625 0.6748046859375 0.788671875 0.669921875 0.8033203140625 0.6845703140625 0.81015625
0 0.71484375 0.7623046859375 0.7158203140625 0.780859375 0.7333984359375 0.784765625 0.73828125 0.7798828140625 0.740234375 0.7681640640625 0.7333984359375 0.759375 0.71484375 0.7623046859375
0 0.7060546859375 0.71640625 0.712890625 0.7017578140625 0.7001953140625 0.694921875 0.693359375 0.7076171859375 0.7060546859375 0.71640625
0 0.7216796859375 0.718359375 0.7265625 0.7037109359375 0.712890625 0.7017578140625 0.7109375 0.7134765640625 0.7216796859375 0.718359375
0 0.724609375 0.6900390640625 0.7236328140625 0.679296875 0.7060546859375 0.679296875 0.7119140640625 0.694921875 0.724609375 0.6900390640625
0 0.7265625 0.6705078140625 0.7216796859375 0.659765625 0.7099609359375 0.659765625 0.7138671859375 0.675390625 0.7265625 0.6705078140625
0 0.689453125 0.6490234359375 0.6982421859375 0.655859375 0.708984375 0.6470703140625 0.7021484359375 0.63828125 0.69140625 0.6412109359375 0.689453125 0.6490234359375
0 0.685546875 0.6431640640625 0.6845703140625 0.63046875 0.669921875 0.6314453140625 0.6728515640625 0.644140625 0.685546875 0.6431640640625
0 0.6767578140625 0.628515625 0.68359375 0.6177734359375 0.6708984359375 0.6109375 0.6640625 0.6197265640625 0.6767578140625 0.628515625
0 0.6953125 0.6275390640625 0.6904296859375 0.616796875 0.681640625 0.6197265640625 0.6845703140625 0.63046875 0.6953125 0.6275390640625
0 0.7216796859375 0.651953125 0.724609375 0.6431640640625 0.7138671859375 0.63828125 0.7109375 0.6470703140625 0.7216796859375 0.651953125
0 0.73046875 0.6392578140625 0.7275390640625 0.628515625 0.71875 0.6294921859375 0.7216796859375 0.640234375 0.73046875 0.6392578140625
0 0.7294921859375 0.59921875 0.736328125 0.5865234359375 0.7197265640625 0.577734375 0.716796875 0.5884765640625 0.7294921859375 0.59921875
0 0.7353515640625 0.5796875 0.73828125 0.5708984359375 0.7275390640625 0.566015625 0.724609375 0.5767578140625 0.7353515640625 0.5796875
0 0.7294921859375 0.56015625 0.732421875 0.5513671859375 0.7177734359375 0.546484375 0.71484375 0.5572265640625 0.7294921859375 0.56015625
0 0.7431640640625 0.5328125 0.748046875 0.5220703140625 0.7333984359375 0.5171875 0.73046875 0.5259765640625 0.7431640640625 0.5328125
0 0.748046875 0.5083984359375 0.7431640640625 0.49765625 0.7333984359375 0.499609375 0.7353515640625 0.51328125 0.748046875 0.5083984359375
0 0.787109375 0.7544921859375 0.7802734359375 0.733984375 0.76171875 0.7388671859375 0.7666015640625 0.757421875 0.787109375 0.7544921859375
0 0.7724609359375 0.683203125 0.7734375 0.6685546859375 0.7626953140625 0.667578125 0.759765625 0.6802734359375 0.7724609359375 0.683203125
0 0.7568359359375 0.679296875 0.7578125 0.6685546859375 0.74609375 0.6666015640625 0.74609375 0.6763671859375 0.7568359359375 0.679296875
0 0.7666015640625 0.64609375 0.771484375 0.6353515640625 0.7548828140625 0.628515625 0.751953125 0.6451171859375 0.7666015640625 0.64609375
0 0.7451171859375 0.665625 0.75390625 0.6529296859375 0.7412109359375 0.648046875 0.736328125 0.6607421859375 0.7451171859375 0.665625
0 0.7490234359375 0.612890625 0.75390625 0.6021484359375 0.7392578140625 0.597265625 0.73828125 0.6099609359375 0.7490234359375 0.612890625
0 0.8017578140625 0.571875 0.806640625 0.5591796859375 0.7900390640625 0.554296875 0.78515625 0.5669921859375 0.8017578140625 0.571875
0 0.8720703140625 0.569921875 0.876953125 0.5533203140625 0.8623046859375 0.5484375 0.85546875 0.5630859359375 0.8720703140625 0.569921875
0 0.806640625 0.5494140640625 0.8037109359375 0.534765625 0.78515625 0.5357421859375 0.7919921859375 0.55234375 0.806640625 0.5494140640625
0 0.7880859359375 0.52109375 0.791015625 0.5103515640625 0.7763671859375 0.50546875 0.7734375 0.5162109359375 0.7880859359375 0.52109375
0 0.81640625 0.5123046859375 0.8095703140625 0.503515625 0.798828125 0.5064453140625 0.8037109359375 0.519140625 0.81640625 0.5123046859375
0 0.88671875 0.5162109359375 0.8818359359375 0.507421875 0.869140625 0.5103515640625 0.8720703140625 0.523046875 0.88671875 0.5162109359375
0 0.8369140640625 0.483984375 0.841796875 0.4712890640625 0.8291015640625 0.468359375 0.82421875 0.4771484359375 0.8369140640625 0.483984375
0 0.865234375 0.4361328140625 0.8583984359375 0.425390625 0.8486328140625 0.42734375 0.8525390640625 0.441015625 0.865234375 0.4361328140625
0 0.837890625 0.4205078140625 0.8330078140625 0.405859375 0.818359375 0.4087890640625 0.8212890640625 0.4234375 0.837890625 0.4205078140625
0 0.8232421859375 0.405859375 0.826171875 0.3951171859375 0.8154296859375 0.3921875 0.8125 0.4029296859375 0.8232421859375 0.405859375
0 0.77734375 0.3814453140625 0.7724609359375 0.37265625 0.7626953140625 0.37265625 0.7626953140625 0.384375 0.77734375 0.3814453140625
0 0.7861328140625 0.347265625 0.791015625 0.3384765640625 0.7763671859375 0.33359375 0.7734375 0.3423828140625 0.7861328140625 0.347265625
0 0.8017578140625 0.358984375 0.806640625 0.3482421859375 0.7958984359375 0.343359375 0.7890625 0.3541015640625 0.8017578140625 0.358984375
0 0.7294921859375 0.382421875 0.734375 0.3697265640625 0.7177734359375 0.36484375 0.716796875 0.3794921859375 0.7294921859375 0.382421875
0 0.69921875 0.3892578140625 0.6962890640625 0.378515625 0.6845703140625 0.378515625 0.6845703140625 0.390234375 0.69921875 0.3892578140625
0 0.7041015640625 0.38046875 0.7041015640625 0.3921875 0.716796875 0.3873046859375 0.7041015640625 0.38046875
0 0.798828125 0.4224609359375 0.7939453140625 0.413671875 0.7841796859375 0.413671875 0.7861328140625 0.425390625 0.798828125 0.4224609359375
0 0.7900390640625 0.425390625 0.7724609359375 0.421484375 0.76953125 0.4322265640625 0.7763671859375 0.4390625 0.7841796859375 0.444921875 0.796875 0.4419921859375 0.798828125 0.4341796859375 0.7900390640625 0.425390625
0 0.2080078140625 0.67734375 0.212890625 0.6646484359375 0.1982421859375 0.659765625 0.1953125 0.6744140640625 0.2080078140625 0.67734375
0 0.2109375 0.6685546859375 0.2177734359375 0.68125 0.240234375 0.6822265640625 0.2373046859375 0.667578125 0.2138671859375 0.66171875 0.2109375 0.6685546859375