0 0.1591796859375 0.5703125 0.15625 0.5810546859375 0.166015625 0.5830078140625 0.16796875 0.5712890640625 0.1591796859375 0.5703125
0 0.2177734359375 0.52734375 0.21484375 0.5361328140625 0.22265625 0.5400390640625 0.228515625 0.5302734359375 0.2177734359375 0.52734375
0 0.2021484359375 0.4609375 0.197265625 0.4697265640625 0.20703125 0.4755859359375 0.212890625 0.4658203140625 0.2021484359375 0.4609375
0 0.244140625 0.4130859359375 0.2470703140625 0.423828125 0.2578125 0.4228515640625 0.2568359359375 0.41015625 0.244140625 0.4130859359375
0 0.203125 0.6025390640625 0.2080078140625 0.611328125 0.216796875 0.6103515640625 0.2138671859375 0.59765625 0.203125 0.6025390640625
0 0.2275390640625 0.5703125 0.22265625 0.5791015640625 0.234375 0.5830078140625 0.236328125 0.5732421859375 0.2275390640625 0.5703125
0 0.2373046859375 0.625 0.23046875 0.6376953140625 0.240234375 0.6396484359375 0.244140625 0.6298828140625 0.2373046859375 0.625
0 0.2470703140625 0.642578125 0.244140625 0.6533203140625 0.255859375 0.6552734359375 0.2578125 0.6435546859375 0.2470703140625 0.642578125
0 0.3056640640625 0.634765625 0.302734375 0.6474609359375 0.3125 0.6494140640625 0.31640625 0.6396484359375 0.3056640640625 0.634765625
0 0.3291015640625 0.6328125 0.326171875 0.6435546859375 0.3359375 0.6455078140625 0.33984375 0.6357421859375 0.3291015640625 0.6328125
0 0.3291015640625 0.568359375 0.326171875 0.5771484359375 0.3359375 0.5791015640625 0.337890625 0.5712890640625 0.3291015640625 0.568359375
0 0.3369140640625 0.5234375 0.330078125 0.5361328140625 0.341796875 0.5380859359375 0.34375 0.5283203140625 0.3369140640625 0.5234375
0 0.3212890640625 0.4921875 0.314453125 0.5029296859375 0.32421875 0.5068359359375 0.330078125 0.4970703140625 0.3212890640625 0.4921875
0 0.3486328140625 0.404296875 0.341796875 0.4169921859375 0.353515625 0.4189453140625 0.35546875 0.4091796859375 0.3486328140625 0.404296875
0 0.3662109359375 0.4921875 0.36328125 0.5029296859375 0.373046875 0.5048828140625 0.376953125 0.4970703140625 0.3662109359375 0.4921875
0 0.3857421859375 0.5078125 0.380859375 0.5185546859375 0.390625 0.5205078140625 0.39453125 0.5126953140625 0.3857421859375 0.5078125
0 0.3974609359375 0.7265625 0.390625 0.7373046859375 0.40234375 0.7412109359375 0.40625 0.7314453140625 0.3974609359375 0.7265625
0 0.4111328140625 0.75390625 0.404296875 0.7646484359375 0.4140625 0.7685546859375 0.41796875 0.7587890640625 0.4111328140625 0.75390625
0 0.4482421859375 0.75390625 0.44140625 0.7646484359375 0.453125 0.7685546859375 0.455078125 0.7568359359375 0.4482421859375 0.75390625
0 0.4580078140625 0.705078125 0.455078125 0.7158203140625 0.46484375 0.7177734359375 0.46875 0.7080078140625 0.4580078140625 0.705078125
0 0.4775390640625 0.7109375 0.474609375 0.7216796859375 0.486328125 0.7236328140625 0.48828125 0.7158203140625 0.4775390640625 0.7109375
0 0.4052734359375 0.66015625 0.3984375 0.6728515640625 0.41015625 0.6748046859375 0.4140625 0.6669921859375 0.4052734359375 0.66015625
0 0.4599609359375 0.630859375 0.458984375 0.6396484359375 0.470703125 0.6435546859375 0.474609375 0.6337890640625 0.4599609359375 0.630859375
0 0.5048828140625 0.68359375 0.498046875 0.6943359359375 0.5078125 0.6982421859375 0.51171875 0.6884765640625 0.5048828140625 0.68359375
0 0.5166015640625 0.720703125 0.513671875 0.7314453140625 0.525390625 0.7333984359375 0.525390625 0.7236328140625 0.5166015640625 0.720703125
0 0.5498046859375 0.71484375 0.544921875 0.7216796859375 0.5546875 0.7255859359375 0.556640625 0.7177734359375 0.5498046859375 0.71484375
0 0.5615234359375 0.73046875 0.5546875 0.7373046859375 0.564453125 0.7431640640625 0.568359375 0.7333984359375 0.5615234359375 0.73046875
0 0.5419921859375 0.734375 0.5390625 0.7451171859375 0.546875 0.7470703140625 0.55078125 0.7373046859375 0.5419921859375 0.734375
0 0.5888671859375 0.712890625 0.583984375 0.7236328140625 0.59375 0.7275390640625 0.599609375 0.7197265640625 0.5888671859375 0.712890625
0 0.5595703140625 0.67578125 0.5546875 0.6884765640625 0.5625 0.6904296859375 0.568359375 0.6826171859375 0.5595703140625 0.67578125
0 0.5791015640625 0.66796875 0.5703125 0.6728515640625 0.578125 0.6826171859375 0.583984375 0.6806640640625 0.5791015640625 0.66796875
0 0.5546875 0.6689453140625 0.5576171859375 0.67578125 0.564453125 0.6748046859375 0.5634765640625 0.666015625 0.5546875 0.6689453140625
0 0.5458984359375 0.666015625 0.54296875 0.6748046859375 0.5546875 0.6787109359375 0.5546875 0.6669921859375 0.5458984359375 0.666015625
0 0.5302734359375 0.640625 0.52734375 0.6513671859375 0.5390625 0.6533203140625 0.541015625 0.6435546859375 0.5302734359375 0.640625
0 0.5126953140625 0.6328125 0.5078125 0.6435546859375 0.515625 0.6474609359375 0.521484375 0.6376953140625 0.5126953140625 0.6328125
0 0.4755859359375 0.607421875 0.470703125 0.6181640640625 0.48046875 0.6220703140625 0.486328125 0.6123046859375 0.4755859359375 0.607421875
0 0.4599609359375 0.58984375 0.45703125 0.5986328140625 0.46875 0.6025390640625 0.470703125 0.5927734359375 0.4599609359375 0.58984375
0 0.4345703140625 0.515625 0.4296875 0.5224609359375 0.439453125 0.5283203140625 0.443359375 0.5205078140625 0.4345703140625 0.515625
0 0.5888671859375 0.595703125 0.5859375 0.6083984359375 0.595703125 0.6083984359375 0.59765625 0.5986328140625 0.5888671859375 0.595703125
0 0.6748046859375 0.64453125 0.669921875 0.6513671859375 0.6796875 0.6591796859375 0.685546875 0.6474609359375 0.6748046859375 0.64453125
0 0.7041015640625 0.630859375 0.693359375 0.6357421859375 0.701171875 0.6455078140625 0.70703125 0.6416015640625 0.7041015640625 0.630859375
0 0.7177734359375 0.625 0.71484375 0.6357421859375 0.7265625 0.6376953140625 0.728515625 0.6279296859375 0.7177734359375 0.625
0 0.6748046859375 0.611328125 0.671875 0.6220703140625 0.68359375 0.6240234359375 0.685546875 0.6142578140625 0.6748046859375 0.611328125
0 0.7685546859375 0.58203125 0.763671875 0.5908203140625 0.7734375 0.5966796859375 0.779296875 0.5869140640625 0.7685546859375 0.58203125
0 0.6943359359375 0.572265625 0.689453125 0.5849609359375 0.69921875 0.5869140640625 0.703125 0.5771484359375 0.6943359359375 0.572265625
0 0.669921875 0.5693359359375 0.6708984359375 0.580078125 0.681640625 0.5791015640625 0.6787109359375 0.56640625 0.669921875 0.5693359359375
0 0.6318359359375 0.556640625 0.640625 0.5556640640625 0.64453125 0.5419921859375 0.6337890640625 0.537109375 0.625 0.5478515640625 0.6318359359375 0.556640625
0 0.6630859359375 0.533203125 0.66015625 0.5439453140625 0.671875 0.5458984359375 0.673828125 0.5361328140625 0.6630859359375 0.533203125
0 0.5478515640625 0.513671875 0.544921875 0.5224609359375 0.556640625 0.5263671859375 0.55859375 0.5166015640625 0.5478515640625 0.513671875
0 0.6083984359375 0.490234375 0.603515625 0.5009765640625 0.611328125 0.5048828140625 0.6171875 0.4951171859375 0.6083984359375 0.490234375
0 0.61328125 0.5068359359375 0.6162109359375 0.515625 0.625 0.5146484359375 0.6240234359375 0.50390625 0.61328125 0.5068359359375
0 0.6357421859375 0.47265625 0.6328125 0.4833984359375 0.64453125 0.4853515640625 0.646484375 0.4755859359375 0.6357421859375 0.47265625
0 0.6923828140625 0.439453125 0.689453125 0.4521484359375 0.69921875 0.4541015640625 0.705078125 0.4462890640625 0.6923828140625 0.439453125
0 0.7900390640625 0.4140625 0.787109375 0.4228515640625 0.798828125 0.4267578140625 0.802734375 0.4189453140625 0.7900390640625 0.4140625
0 0.8134765640625 0.484375 0.810546875 0.4951171859375 0.8203125 0.4970703140625 0.82421875 0.4873046859375 0.8134765640625 0.484375
0 0.7353515640625 0.3671875 0.732421875 0.3779296859375 0.7421875 0.3818359359375 0.748046875 0.3740234359375 0.7353515640625 0.3671875
0 0.6767578140625 0.359375 0.67578125 0.3701171859375 0.685546875 0.3720703140625 0.689453125 0.3623046859375 0.6767578140625 0.359375
0 0.7001953140625 0.283203125 0.6953125 0.2919921859375 0.70703125 0.2978515640625 0.712890625 0.2880859359375 0.7001953140625 0.283203125
0 0.6962890640625 0.2421875 0.693359375 0.2529296859375 0.705078125 0.2548828140625 0.70703125 0.2451171859375 0.6962890640625 0.2421875
0 0.4814453140625 0.216796875 0.474609375 0.2294921859375 0.486328125 0.2314453140625 0.490234375 0.2236328140625 0.4814453140625 0.216796875
0 0.3447265640625 0.201171875 0.341796875 0.2119140640625 0.3515625 0.2138671859375 0.353515625 0.2041015640625 0.3447265640625 0.201171875
0 0.5732421859375 0.2421875 0.5703125 0.2509765640625 0.578125 0.2548828140625 0.583984375 0.2470703140625 0.5732421859375 0.2421875
0 0.4248046859375 0.26953125 0.419921875 0.2822265640625 0.4296875 0.2841796859375 0.43359375 0.2744140640625 0.4248046859375 0.26953125
0 0.4208984359375 0.29296875 0.41796875 0.3017578140625 0.4296875 0.3056640640625 0.431640625 0.2958984359375 0.4208984359375 0.29296875
0 0.5244140640625 0.29296875 0.51171875 0.3017578140625 0.521484375 0.3095703140625 0.529296875 0.3017578140625 0.5244140640625 0.29296875
0 0.552734375 0.3154296859375 0.5556640640625 0.32421875 0.564453125 0.3232421859375 0.5634765640625 0.3125 0.552734375 0.3154296859375
0 0.5634765640625 0.30078125 0.560546875 0.3095703140625 0.568359375 0.3134765640625 0.572265625 0.3017578140625 0.5634765640625 0.30078125
0 0.5751953140625 0.296875 0.572265625 0.3037109359375 0.580078125 0.3095703140625 0.5859375 0.2998046859375 0.5751953140625 0.296875
0 0.5146484359375 0.326171875 0.51171875 0.3349609359375 0.51953125 0.3388671859375 0.525390625 0.3291015640625 0.5146484359375 0.326171875
0 0.4951171859375 0.3359375 0.494140625 0.3427734359375 0.50390625 0.3466796859375 0.5078125 0.3388671859375 0.4951171859375 0.3359375
0 0.4111328140625 0.369140625 0.408203125 0.3798828140625 0.41796875 0.3818359359375 0.419921875 0.3720703140625 0.4111328140625 0.369140625
0 0.3916015640625 0.462890625 0.384765625 0.4716796859375 0.39453125 0.4755859359375 0.3984375 0.4716796859375 0.3916015640625 0.462890625
0 0.3994140640625 0.4609375 0.396484375 0.4697265640625 0.40625 0.4716796859375 0.408203125 0.4658203140625 0.3994140640625 0.4609375
0 0.400390625 0.4560546859375 0.4013671859375 0.462890625 0.412109375 0.4638671859375 0.4091796859375 0.453125 0.400390625 0.4560546859375
0 0.451171875 0.4794921859375 0.4560546859375 0.48828125 0.462890625 0.4873046859375 0.4619140640625 0.4765625 0.451171875 0.4794921859375
0 0.4580078140625 0.46484375 0.455078125 0.4716796859375 0.46484375 0.4755859359375 0.466796875 0.4658203140625 0.4580078140625 0.46484375
0 0.4462890640625 0.455078125 0.443359375 0.4638671859375 0.453125 0.4658203140625 0.455078125 0.4580078140625 0.4462890640625 0.455078125
0 0.4423828140625 0.443359375 0.439453125 0.4521484359375 0.44921875 0.4541015640625 0.451171875 0.4462890640625 0.4423828140625 0.443359375
0 0.4541015640625 0.4453125 0.453125 0.4541015640625 0.4609375 0.4560546859375 0.46484375 0.4482421859375 0.4541015640625 0.4453125
0 0.4326171859375 0.375 0.4296875 0.3837890640625 0.4375 0.3876953140625 0.443359375 0.3798828140625 0.4326171859375 0.375
0 0.4658203140625 0.388671875 0.46484375 0.3974609359375 0.474609375 0.3994140640625 0.4765625 0.3896484359375 0.4658203140625 0.388671875
0 0.4697265640625 0.419921875 0.466796875 0.4287109359375 0.4765625 0.4306640640625 0.478515625 0.4228515640625 0.4697265640625 0.419921875
0 0.4794921859375 0.41015625 0.4765625 0.4189453140625 0.486328125 0.4208984359375 0.48828125 0.4130859359375 0.4794921859375 0.41015625
0 0.478515625 0.4013671859375 0.4794921859375 0.408203125 0.486328125 0.4072265640625 0.4853515640625 0.400390625 0.478515625 0.4013671859375
0 0.4892578140625 0.435546875 0.48828125 0.4443359359375 0.498046875 0.4462890640625 0.5 0.4365234359375 0.4892578140625 0.435546875
0 0.5869140640625 0.390625 0.583984375 0.4013671859375 0.595703125 0.4033203140625 0.59765625 0.3955078140625 0.5869140640625 0.390625
0 0.5693359359375 0.36328125 0.564453125 0.3740234359375 0.572265625 0.3779296859375 0.578125 0.3681640640625 0.5693359359375 0.36328125
0 0.5400390640625 0.359375 0.537109375 0.3681640640625 0.546875 0.3701171859375 0.548828125 0.3623046859375 0.5400390640625 0.359375
0 0.5439453140625 0.353515625 0.541015625 0.3603515640625 0.548828125 0.3642578140625 0.552734375 0.3583984359375 0.5439453140625 0.353515625
0 0.6162109359375 0.4296875 0.61328125 0.4404296859375 0.625 0.4423828140625 0.626953125 0.4326171859375 0.6162109359375 0.4296875
0 0.6337890640625 0.427734375 0.62890625 0.4443359359375 0.638671875 0.4462890640625 0.642578125 0.4326171859375 0.6337890640625 0.427734375
0 0.421875 0.4072265640625 0.4248046859375 0.416015625 0.431640625 0.4150390640625 0.4326171859375 0.40625 0.421875 0.4072265640625
0 0.4228515640625 0.392578125 0.421875 0.4130859359375 0.431640625 0.4150390640625 0.4375 0.3994140640625 0.4228515640625 0.392578125