0 0.678125 0.38125 0.0421875 0.053125
0 0.240625 0.4515625 0.084375 0.0875
0 0.5484375 0.6625 0.071875 0.06875
0 0.140625 0.259375 0.0234375 0.0234375
0 0.15625 0.2546875 0.025 0.0234375
0 0.1796875 0.2421875 0.025 0.0234375
0 0.196875 0.234375 0.025 0.0234375
0 0.21875 0.234375 0.0296875 0.028125
0 0.2046875 0.2109375 0.0328125 0.0359375
0 0.309375 0.2125 0.0234375 0.0234375
0 0.3328125 0.18125 0.015625 0.015625
0 0.35 0.175 0.0171875 0.015625
0 0.3625 0.1703125 0.0203125 0.01875
0 0.3921875 0.165625 0.01875 0.01875
0 0.4125 0.1578125 0.0203125 0.0203125
0 0.428125 0.153125 0.0171875 0.0203125
0 0.4390625 0.1546875 0.01875 0.0203125
0 0.4546875 0.1484375 0.0203125 0.0203125
0 0.4859375 0.14375 0.0171875 0.0171875
0 0.50625 0.140625 0.01875 0.021875
0 0.53125 0.15 0.0265625 0.025
0 0.5734375 0.2046875 0.0296875 0.03125
0 0.6296875 0.2125 0.0296875 0.028125
0 0.6109375 0.1453125 0.025 0.0265625
0 0.6921875 0.140625 0.0234375 0.0265625
0 0.7390625 0.159375 0.028125 0.0296875
0 0.75625 0.1734375 0.028125 0.03125
0 0.7859375 0.18125 0.028125 0.0296875
0 0.809375 0.1890625 0.025 0.028125
0 0.8765625 0.34375 0.03125 0.03125
0 0.9265625 0.459375 0.0359375 0.034375
0 0.425 0.2765625 0.0640625 0.0625
0 0.534375 0.2484375 0.015625 0.01875
0 0.14375 0.75625 0.03125 0.0265625
0 0.7015625 0.1765625 0.028125 0.025
0 0.6734375 0.1578125 0.028125 0.0203125
0 0.134375 0.7359375 0.0296875 0.025
0 0.7203125 0.3640625 0.0453125 0.040625
0 0.7234375 0.4015625 0.0578125 0.0515625
0 0.71875 0.1875 0.0265625 0.0265625
0 0.6703125 0.1375 0.025 0.0203125
0 0.6234375 0.134375 0.0265625 0.0265625
0 0.528125 0.1328125 0.0203125 0.0171875