0 0.68125 0.390625 0.0875 0.0859375
0 0.85 0.346875 0.0265625 0.0296875
0 0.8953125 0.4640625 0.034375 0.034375
0 0.6078125 0.2171875 0.0296875 0.0296875
0 0.553125 0.20625 0.0265625 0.0296875
0 0.5953125 0.146875 0.0390625 0.040625
0 0.65 0.146875 0.0234375 0.021875
0 0.6515625 0.1609375 0.0265625 0.0234375
0 0.671875 0.1453125 0.025 0.025
0 0.68125 0.1828125 0.028125 0.028125
0 0.69375 0.1921875 0.025 0.025
0 0.715625 0.1640625 0.0265625 0.0296875
0 0.734375 0.178125 0.0265625 0.025
0 0.7625 0.1875 0.0265625 0.025
0 0.5203125 0.6609375 0.0671875 0.0578125
0 0.2203125 0.4453125 0.096875 0.0875
0 0.1296875 0.2625 0.025 0.025
0 0.14375 0.2546875 0.0203125 0.01875
0 0.165625 0.2453125 0.0234375 0.025
0 0.18125 0.2359375 0.0234375 0.021875
0 0.190625 0.2140625 0.03125 0.028125
0 0.2046875 0.2375 0.025 0.025
0 0.2953125 0.2171875 0.0234375 0.0234375
0 0.3140625 0.1859375 0.0171875 0.01875
0 0.3328125 0.18125 0.0203125 0.0203125
0 0.346875 0.1734375 0.0203125 0.021875
0 0.375 0.16875 0.0203125 0.0234375
0 0.3953125 0.1609375 0.01875 0.0203125
0 0.4078125 0.1578125 0.0171875 0.021875
0 0.4203125 0.153125 0.0171875 0.0203125
0 0.4359375 0.1515625 0.0203125 0.0234375
0 0.4671875 0.1453125 0.0171875 0.01875
0 0.4875 0.14375 0.0203125 0.01875
0 0.5109375 0.1546875 0.028125 0.0328125
0 0.509375 0.1390625 0.0203125 0.0171875
0 0.40625 0.271875 0.071875 0.0625
0 0.1234375 0.7453125 0.028125 0.0234375
0 0.784375 0.19375 0.028125 0.0328125
0 0.11875 0.7296875 0.0328125 0.025