0 0.43125 0.3171875 0.06875 0.06875
0 0.5640625 0.1953125 0.01875 0.0171875
0 0.575 0.203125 0.0171875 0.0171875
0 0.59375 0.2140625 0.015625 0.0171875
0 0.6046875 0.2234375 0.015625 0.015625
0 0.6140625 0.2390625 0.0203125 0.0203125
0 0.6296875 0.2203125 0.0234375 0.025
0 0.66875 0.29375 0.01875 0.01875
0 0.70625 0.296875 0.0140625 0.015625
0 0.71875 0.3078125 0.015625 0.0171875
0 0.7296875 0.3171875 0.0171875 0.01875
0 0.7484375 0.3375 0.015625 0.0140625
0 0.7640625 0.35 0.015625 0.0140625
0 0.775 0.359375 0.015625 0.015625
0 0.78125 0.3671875 0.0140625 0.015625
0 0.7953125 0.3796875 0.0171875 0.0171875
0 0.8140625 0.4015625 0.01875 0.0171875
0 0.828125 0.4171875 0.015625 0.01875
0 0.846875 0.434375 0.0171875 0.015625
0 0.83125 0.4421875 0.028125 0.0296875
0 0.790625 0.4953125 0.03125 0.03125
0 0.809375 0.5484375 0.028125 0.028125
0 0.8859375 0.5140625 0.04375 0.04375
0 0.9140625 0.5609375 0.028125 0.025
0 0.8984375 0.5703125 0.028125 0.0296875
0 0.925 0.58125 0.028125 0.0265625
0 0.8890625 0.603125 0.0359375 0.0296875
0 0.8875 0.625 0.0296875 0.0265625
0 0.928125 0.63125 0.0296875 0.025
0 0.9234375 0.65625 0.028125 0.028125
0 0.928125 0.684375 0.0265625 0.0265625
0 0.9296875 0.7125 0.0296875 0.0296875
0 0.6578125 0.6796875 0.0921875 0.09375
0 0.78125 0.8484375 0.04375 0.040625
0 0.6578125 0.93125 0.0421875 0.028125
0 0.3015625 0.615625 0.06875 0.0625
0 0.6546875 0.396875 0.075 0.0671875
0 0.140625 0.328125 0.0234375 0.0234375
0 0.1546875 0.3203125 0.0265625 0.0265625