0 0.6734375 0.8765625 0.040625 0.0359375
0 0.5671875 0.6984375 0.10625 0.1078125
0 0.7390625 0.56875 0.0375 0.03125
0 0.7296875 0.5109375 0.034375 0.034375
0 0.8171875 0.628125 0.0359375 0.0328125
0 0.8125 0.6484375 0.03125 0.03125
0 0.8546875 0.6578125 0.0296875 0.03125
0 0.8453125 0.684375 0.03125 0.028125
0 0.846875 0.715625 0.03125 0.0296875
0 0.8421875 0.74375 0.0265625 0.0296875
0 0.859375 0.6046875 0.0328125 0.028125
0 0.8328125 0.59375 0.03125 0.03125
0 0.8484375 0.5796875 0.034375 0.0296875
0 0.8265625 0.5328125 0.04375 0.040625
0 0.7765625 0.45625 0.034375 0.03125
0 0.65625 0.4859375 0.025 0.0234375
0 0.5984375 0.4046875 0.0734375 0.0625
0 0.775 0.4296875 0.021875 0.021875
0 0.7640625 0.4140625 0.0203125 0.0203125
0 0.7453125 0.390625 0.021875 0.0234375
0 0.7328125 0.378125 0.015625 0.0140625
0 0.7265625 0.36875 0.015625 0.015625
0 0.7171875 0.359375 0.015625 0.0125
0 0.7015625 0.346875 0.0171875 0.0171875
0 0.6859375 0.3265625 0.0171875 0.015625
0 0.675 0.3171875 0.015625 0.0140625
0 0.625 0.3015625 0.0171875 0.0171875
0 0.6625 0.3046875 0.0140625 0.0125
0 0.5953125 0.2265625 0.028125 0.0265625
0 0.575 0.2453125 0.021875 0.021875
0 0.5703125 0.2296875 0.0203125 0.01875
0 0.5578125 0.2203125 0.01875 0.01875
0 0.540625 0.2078125 0.015625 0.0171875
0 0.5296875 0.2015625 0.01875 0.01875
0 0.3859375 0.325 0.071875 0.075
0 0.1046875 0.3375 0.021875 0.025
0 0.225 0.6234375 0.0609375 0.0640625
0 0.2703125 0.6171875 0.0390625 0.0375
0 0.25 0.59375 0.0234375 0.021875
0 0.1171875 0.33125 0.025 0.0234375
0 0.790625 0.4484375 0.0234375 0.0203125