0 0.6765625 0.3484375 0.1109375 0.0921875
0 0.834375 0.221875 0.0359375 0.0359375
0 0.534375 0.21875 0.0328125 0.0328125
0 0.4765625 0.234375 0.034375 0.0328125
0 0.49375 0.1625 0.0265625 0.0234375
0 0.56875 0.1171875 0.028125 0.0265625
0 0.590625 0.1484375 0.0265625 0.034375
0 0.609375 0.1484375 0.0265625 0.0296875
0 0.6171875 0.1125 0.0265625 0.03125
0 0.6421875 0.115625 0.028125 0.03125
0 0.671875 0.1078125 0.0296875 0.034375
0 0.696875 0.1046875 0.028125 0.0296875
0 0.4203125 0.20625 0.028125 0.0265625
0 0.39375 0.209375 0.0140625 0.0140625
0 0.3765625 0.21875 0.0171875 0.0140625
0 0.3515625 0.2390625 0.01875 0.0171875
0 0.334375 0.25 0.01875 0.0171875
0 0.328125 0.2578125 0.015625 0.0125
0 0.315625 0.265625 0.01875 0.0171875
0 0.3 0.284375 0.0171875 0.0171875
0 0.2765625 0.3015625 0.015625 0.015625
0 0.265625 0.3125 0.0171875 0.015625
0 0.253125 0.325 0.01875 0.015625
0 0.24375 0.3609375 0.0203125 0.0203125
0 0.3640625 0.3703125 0.0734375 0.0671875
0 0.153125 0.4046875 0.028125 0.025
0 0.1703125 0.4203125 0.025 0.0234375
0 0.153125 0.4296875 0.021875 0.0203125
0 0.1421875 0.4453125 0.021875 0.0203125
0 0.1234375 0.4625 0.0171875 0.015625
0 0.1140625 0.4734375 0.0203125 0.0203125
0 0.2515625 0.6078125 0.0953125 0.078125
0 0.6125 0.7125 0.08125 0.075
0 0.9375 0.31875 0.0359375 0.0390625
0 0.2453125 0.946875 0.028125 0.025
0 0.55625 0.14375 0.0265625 0.028125
0 0.2359375 0.934375 0.0296875 0.0265625
0 0.4140625 0.190625 0.0234375 0.0203125
0 0.503125 0.1453125 0.0296875 0.0234375
0 0.5453125 0.128125 0.025 0.0265625