0 0.39375 0.353125 0.065625 0.0671875
0 0.5828125 0.246875 0.0234375 0.0234375
0 0.56875 0.265625 0.021875 0.0234375
0 0.5578125 0.25 0.01875 0.0171875
0 0.5453125 0.2421875 0.015625 0.015625
0 0.5265625 0.2328125 0.0140625 0.015625
0 0.515625 0.2234375 0.0171875 0.01875
0 0.625 0.3171875 0.0203125 0.0203125
0 0.6609375 0.3203125 0.0140625 0.015625
0 0.6734375 0.3296875 0.015625 0.015625
0 0.6859375 0.3375 0.0140625 0.0140625
0 0.7046875 0.3546875 0.0171875 0.01875
0 0.7203125 0.3671875 0.015625 0.0140625
0 0.73125 0.375 0.0171875 0.0171875
0 0.7359375 0.384375 0.015625 0.0171875
0 0.75 0.3953125 0.021875 0.01875
0 0.771875 0.415625 0.015625 0.0171875
0 0.784375 0.43125 0.0171875 0.0203125
0 0.7890625 0.4546875 0.025 0.025
0 0.803125 0.4453125 0.0171875 0.0171875
0 0.7546875 0.50625 0.03125 0.025
0 0.7765625 0.559375 0.0296875 0.028125
0 0.846875 0.521875 0.0421875 0.0375
0 0.878125 0.565625 0.0265625 0.0265625
0 0.8640625 0.5765625 0.0265625 0.03125
0 0.8890625 0.584375 0.0265625 0.0265625
0 0.8953125 0.6359375 0.0265625 0.025
0 0.8921875 0.6578125 0.0234375 0.0234375
0 0.8984375 0.6875 0.0265625 0.025
0 0.9 0.7125 0.025 0.025
0 0.6375 0.6984375 0.1015625 0.09375
0 0.7671875 0.853125 0.0328125 0.03125
0 0.6515625 0.95 0.04375 0.0328125
0 0.2828125 0.65625 0.0609375 0.0640625
0 0.6140625 0.4171875 0.065625 0.059375
0 0.1046875 0.3796875 0.021875 0.0203125
0 0.8546875 0.6296875 0.028125 0.021875
0 0.85625 0.609375 0.0328125 0.028125
0 0.1171875 0.3734375 0.0234375 0.025