0 0.2484375 0.8328125 0.040625 0.0390625
0 0.2796875 0.8078125 0.0328125 0.0328125
0 0.2828125 0.8359375 0.03125 0.028125
0 0.2953125 0.853125 0.0328125 0.0328125
0 0.3140625 0.878125 0.0265625 0.0234375
0 0.3296875 0.8890625 0.025 0.025
0 0.240625 0.7078125 0.028125 0.03125
0 0.1984375 0.6921875 0.0203125 0.0171875
0 0.1875 0.6734375 0.0234375 0.01875
0 0.18125 0.6578125 0.021875 0.01875
0 0.171875 0.6296875 0.0234375 0.0203125
0 0.1609375 0.609375 0.0203125 0.01875
0 0.1546875 0.59375 0.01875 0.0140625
0 0.153125 0.5828125 0.021875 0.015625
0 0.146875 0.565625 0.021875 0.0203125
0 0.1390625 0.5359375 0.0203125 0.01875
0 0.1359375 0.5171875 0.021875 0.0171875
0 0.2125 0.4453125 0.0296875 0.025
0 0.1328125 0.4125 0.0390625 0.0328125
0 0.2171875 0.3953125 0.028125 0.028125
0 0.15 0.3609375 0.021875 0.021875
0 0.1296875 0.3640625 0.0234375 0.0234375
0 0.1328125 0.346875 0.0265625 0.025
0 0.175 0.3359375 0.028125 0.0234375
0 0.184375 0.3234375 0.021875 0.0203125
0 0.1546875 0.30625 0.0234375 0.021875
0 0.16875 0.2890625 0.021875 0.0203125
0 0.1796875 0.2640625 0.0265625 0.025
0 0.190625 0.2421875 0.025 0.0234375
0 0.4015625 0.321875 0.084375 0.0703125
0 0.340625 0.1984375 0.028125 0.028125
0 0.45 0.159375 0.0328125 0.0328125
0 0.6953125 0.4140625 0.059375 0.059375
0 0.5390625 0.7234375 0.0890625 0.1015625
0 0.309375 0.584375 0.0765625 0.084375
0 0.2703125 0.475 0.0171875 0.015625
0 0.875 0.753125 0.028125 0.028125
0 0.1453125 0.4890625 0.03125 0.03125
0 0.8890625 0.7421875 0.025 0.0234375
0 0.125 0.4953125 0.0234375 0.025