0 0.584375 0.7515625 0.090625 0.1046875
0 0.3859375 0.953125 0.03125 0.0265625
0 0.3703125 0.940625 0.028125 0.028125
0 0.346875 0.91875 0.034375 0.0328125
0 0.33125 0.9015625 0.0296875 0.0296875
0 0.3234375 0.86875 0.034375 0.0328125
0 0.29375 0.903125 0.0421875 0.04375
0 0.2671875 0.765625 0.0328125 0.034375
0 0.21875 0.7546875 0.0234375 0.021875
0 0.20625 0.734375 0.025 0.025
0 0.1953125 0.71875 0.021875 0.0203125
0 0.18125 0.6875 0.0265625 0.021875
0 0.165625 0.6671875 0.021875 0.021875
0 0.1578125 0.653125 0.0234375 0.0171875
0 0.15625 0.6390625 0.0234375 0.0203125
0 0.1453125 0.621875 0.021875 0.021875
0 0.13125 0.590625 0.0234375 0.021875
0 0.125 0.5703125 0.025 0.0234375
0 0.1140625 0.5484375 0.028125 0.028125
0 0.109375 0.4578125 0.040625 0.0375
0 0.2015625 0.484375 0.03125 0.0296875
0 0.2015625 0.4296875 0.0296875 0.0296875
0 0.1203125 0.3984375 0.028125 0.025
0 0.103125 0.4046875 0.025 0.025
0 0.1 0.38125 0.025 0.021875
0 0.14375 0.3703125 0.025 0.025
0 0.15625 0.35625 0.0265625 0.0234375
0 0.121875 0.3375 0.028125 0.025
0 0.1359375 0.3203125 0.021875 0.0234375
0 0.1421875 0.2921875 0.0234375 0.0234375
0 0.153125 0.2671875 0.0234375 0.025
0 0.309375 0.2078125 0.028125 0.025
0 0.41875 0.1625 0.028125 0.0296875
0 0.384375 0.334375 0.075 0.0765625
0 0.7 0.409375 0.0609375 0.0546875
0 0.321875 0.6203125 0.08125 0.075
0 0.93125 0.7484375 0.03125 0.0296875
0 0.94375 0.7328125 0.03125 0.0296875
0 0.1359375 0.540625 0.03125 0.0328125