0 0.58125 0.7640625 0.0984375 0.115625
0 0.309375 0.8828125 0.0375 0.034375
0 0.3171875 0.9140625 0.0328125 0.0328125
0 0.334375 0.93125 0.0375 0.0375
0 0.3578125 0.95625 0.0328125 0.03125
0 0.3734375 0.9703125 0.0359375 0.0328125
0 0.2796875 0.915625 0.040625 0.040625
0 0.2515625 0.775 0.03125 0.028125
0 0.203125 0.7640625 0.0234375 0.025
0 0.178125 0.7296875 0.0265625 0.0265625
0 0.1875 0.74375 0.0296875 0.0265625
0 0.1625 0.69375 0.025 0.0265625
0 0.146875 0.6734375 0.021875 0.0203125
0 0.1390625 0.659375 0.0203125 0.021875
0 0.1375 0.6421875 0.025 0.021875
0 0.125 0.6265625 0.025 0.0234375
0 0.1109375 0.59375 0.0234375 0.021875
0 0.10625 0.571875 0.0265625 0.0203125
0 0.0921875 0.5484375 0.01875 0.021875
0 0.1109375 0.54375 0.0390625 0.0296875
0 0.18125 0.4859375 0.0328125 0.03125
0 0.25 0.5140625 0.021875 0.0203125
0 0.18125 0.4296875 0.0328125 0.0296875
0 0.0875 0.459375 0.05 0.0515625
0 0.0796875 0.4046875 0.0234375 0.028125
0 0.1 0.3984375 0.03125 0.0265625
0 0.078125 0.3796875 0.0296875 0.025
0 0.1234375 0.36875 0.0328125 0.028125
0 0.1 0.334375 0.0265625 0.0265625
0 0.1140625 0.3171875 0.028125 0.0265625
0 0.121875 0.2890625 0.025 0.028125
0 0.13125 0.259375 0.025 0.028125
0 0.290625 0.2 0.025 0.028125
0 0.3703125 0.3296875 0.0828125 0.071875
0 0.690625 0.40625 0.0640625 0.0640625
0 0.3078125 0.6265625 0.0890625 0.0828125
0 0.403125 0.1546875 0.03125 0.025
0 0.928125 0.75 0.0296875 0.028125
0 0.94375 0.7359375 0.028125 0.028125
0 0.134375 0.353125 0.028125 0.028125