0 0.6953125 0.4859375 0.08125 0.0765625
0 0.8640625 0.46875 0.034375 0.03125
0 0.9078125 0.5796875 0.0359375 0.0359375
0 0.509375 0.734375 0.06875 0.0578125
0 0.2359375 0.4859375 0.084375 0.075
0 0.16875 0.3109375 0.025 0.025
0 0.1859375 0.3046875 0.01875 0.01875
0 0.2078125 0.3 0.0203125 0.0203125
0 0.225 0.2953125 0.01875 0.01875
0 0.2484375 0.2984375 0.0234375 0.0203125
0 0.234375 0.2765625 0.03125 0.025
0 0.3375 0.2890625 0.0203125 0.0171875
0 0.359375 0.26875 0.015625 0.015625
0 0.3765625 0.2671875 0.015625 0.015625
0 0.390625 0.2625 0.0171875 0.0171875
0 0.41875 0.2609375 0.0140625 0.0140625
0 0.4390625 0.2578125 0.0140625 0.015625
0 0.4515625 0.2546875 0.0140625 0.0140625
0 0.4625 0.2546875 0.0140625 0.015625
0 0.478125 0.2546875 0.0171875 0.01875
0 0.50625 0.253125 0.015625 0.015625
0 0.5265625 0.253125 0.015625 0.0171875
0 0.5515625 0.2640625 0.0234375 0.0234375
0 0.584375 0.3125 0.0234375 0.0203125
0 0.625 0.26875 0.021875 0.0234375
0 0.6359375 0.3265625 0.025 0.0234375
0 0.6828125 0.284375 0.0203125 0.01875
0 0.6796875 0.2703125 0.0203125 0.0171875
0 0.7015625 0.2734375 0.0203125 0.021875
0 0.7078125 0.3046875 0.021875 0.021875
0 0.7203125 0.315625 0.01875 0.0171875
0 0.740625 0.2953125 0.021875 0.0203125
0 0.7578125 0.3078125 0.01875 0.0203125
0 0.784375 0.315625 0.0203125 0.021875
0 0.80625 0.325 0.021875 0.021875
0 0.4328125 0.35625 0.0609375 0.0546875
0 0.075 0.765625 0.0296875 0.0265625
0 0.5484375 0.2484375 0.01875 0.015625
0 0.640625 0.2625 0.025 0.0265625
0 0.071875 0.7484375 0.034375 0.0234375