0 0.7390625 0.5609375 0.0375 0.040625
0 0.796875 0.5453125 0.0359375 0.0328125
0 0.796875 0.4328125 0.0484375 0.0453125
0 0.66875 0.3890625 0.0640625 0.0515625
0 0.6375 0.403125 0.021875 0.0265625
0 0.628125 0.5125 0.0484375 0.040625
0 0.571875 0.4796875 0.0390625 0.0390625
0 0.5640625 0.371875 0.03125 0.0265625
0 0.3765625 0.375 0.071875 0.0625
0 0.234375 0.365625 0.034375 0.0296875
0 0.2203125 0.4359375 0.034375 0.0296875
0 0.309375 0.609375 0.096875 0.078125
0 0.3171875 0.8703125 0.0453125 0.04375
0 0.6890625 0.646875 0.0359375 0.03125
0 0.6671875 0.6703125 0.0375 0.0390625
0 0.715625 0.684375 0.0671875 0.0671875