0 0.4296875 0.7828125 0.0546875 0.0546875
0 0.5359375 0.69375 0.0359375 0.0359375
0 0.5453125 0.65 0.0390625 0.0390625
0 0.6125 0.609375 0.040625 0.0390625
0 0.4890625 0.553125 0.0359375 0.0359375
0 0.43125 0.578125 0.0453125 0.04375
0 0.33125 0.640625 0.0421875 0.04375
0 0.3125 0.6953125 0.0484375 0.04375
0 0.2421875 0.5625 0.0453125 0.0484375
0 0.478125 0.334375 0.0671875 0.0578125
0 0.6671875 0.3328125 0.025 0.0265625
0 0.740625 0.3625 0.028125 0.028125
0 0.6859375 0.4609375 0.065625 0.05625
0 0.2765625 0.26875 0.03125 0.025
0 0.275 0.5296875 0.0390625 0.0328125
0 0.2859375 0.5578125 0.0390625 0.0390625
0 0.559375 0.68125 0.053125 0.0484375