0 0.5640625 0.6609375 0.05 0.0453125
0 0.5453125 0.625 0.040625 0.0359375
0 0.6203125 0.575 0.040625 0.0421875
0 0.428125 0.78125 0.065625 0.065625
0 0.3 0.696875 0.0515625 0.046875
0 0.3125 0.628125 0.040625 0.0375
0 0.4203125 0.55 0.0484375 0.0453125
0 0.4828125 0.515625 0.046875 0.04375
0 0.203125 0.5390625 0.0640625 0.0640625
0 0.4578125 0.2390625 0.0921875 0.0875
0 0.2078125 0.165625 0.040625 0.0390625
0 0.66875 0.225 0.0375 0.04375
0 0.753125 0.2609375 0.0390625 0.0390625
0 0.2359375 0.503125 0.0484375 0.040625
0 0.24375 0.5296875 0.0453125 0.0453125
0 0.690625 0.390625 0.0734375 0.0671875
0 0.5390625 0.6734375 0.0421875 0.0484375