0 0.4453125 0.8359375 0.0640625 0.0671875
0 0.540625 0.7328125 0.04375 0.0515625
0 0.5515625 0.6796875 0.0359375 0.0359375
0 0.6140625 0.6296875 0.0421875 0.0453125
0 0.490625 0.565625 0.04375 0.04375
0 0.4296875 0.5921875 0.0453125 0.046875
0 0.31875 0.66875 0.04375 0.040625
0 0.309375 0.7359375 0.046875 0.046875
0 0.2078125 0.5703125 0.0609375 0.0703125
0 0.45625 0.2953125 0.09375 0.075
0 0.7234375 0.35 0.03125 0.03125
0 0.675 0.459375 0.0671875 0.059375
0 0.6515625 0.3046875 0.0390625 0.0421875
0 0.2171875 0.1796875 0.04375 0.04375
0 0.2390625 0.534375 0.0546875 0.0515625
0 0.253125 0.5625 0.0546875 0.046875
0 0.56875 0.715625 0.0546875 0.0546875