0 0.3984375 0.7328125 0.0609375 0.0609375
0 0.5203125 0.628125 0.0390625 0.0421875
0 0.5296875 0.584375 0.0421875 0.0359375
0 0.603125 0.534375 0.04375 0.0421875
0 0.465625 0.4796875 0.0328125 0.0328125
0 0.3984375 0.5125 0.046875 0.04375
0 0.2921875 0.5859375 0.0453125 0.0421875
0 0.2734375 0.65 0.05 0.0515625
0 0.1875 0.5 0.05625 0.0546875
0 0.221875 0.175 0.0421875 0.0359375
0 0.4484375 0.2390625 0.0921875 0.071875
0 0.6828125 0.3703125 0.071875 0.059375
0 0.740625 0.2578125 0.0328125 0.03125
0 0.6578125 0.2265625 0.0421875 0.0390625
0 0.221875 0.465625 0.046875 0.0390625
0 0.234375 0.49375 0.0484375 0.046875
0 0.546875 0.621875 0.0640625 0.0609375