0 0.36875 0.80625 0.0546875 0.05625
0 0.4703125 0.6953125 0.040625 0.046875
0 0.4796875 0.6453125 0.0359375 0.0296875
0 0.5546875 0.5875 0.0390625 0.0375
0 0.428125 0.546875 0.040625 0.0375
0 0.3734375 0.5859375 0.046875 0.04375
0 0.275 0.6625 0.03125 0.028125
0 0.2625 0.7265625 0.0390625 0.034375
0 0.19375 0.5953125 0.0421875 0.0515625
0 0.4234375 0.3015625 0.0796875 0.0734375
0 0.61875 0.246875 0.0375 0.0328125
0 0.7046875 0.2625 0.03125 0.0328125
0 0.640625 0.3984375 0.071875 0.059375
0 0.228125 0.278125 0.0375 0.0359375
0 0.2265625 0.5546875 0.040625 0.0328125
0 0.2328125 0.5828125 0.040625 0.034375
0 0.4984375 0.678125 0.0515625 0.0515625