0 0.6890625 0.5484375 0.090625 0.0953125
0 0.8265625 0.3921875 0.04375 0.0390625
0 0.4390625 0.6796875 0.08125 0.075
0 0.540625 0.80625 0.04375 0.0421875
0 0.6203125 0.740625 0.0421875 0.0390625
0 0.5046875 0.309375 0.0546875 0.0671875
0 0.41875 0.4109375 0.0421875 0.0421875
0 0.41875 0.459375 0.0421875 0.0328125
0 0.3078125 0.5375 0.0421875 0.040625
0 0.4015625 0.328125 0.0296875 0.0265625
0 0.2484375 0.359375 0.0453125 0.040625
0 0.3609375 0.309375 0.0296875 0.0296875
0 0.271875 0.4609375 0.0515625 0.053125
0 0.303125 0.4671875 0.021875 0.021875