0 0.6421875 0.7125 0.0484375 0.046875
0 0.69375 0.6171875 0.0484375 0.0484375
0 0.503125 0.6375 0.071875 0.0734375
0 0.3453125 0.559375 0.0390625 0.0375
0 0.2828125 0.509375 0.0515625 0.0625
0 0.3125 0.5 0.028125 0.0328125
0 0.409375 0.4453125 0.0359375 0.040625
0 0.390625 0.4015625 0.040625 0.0390625
0 0.34375 0.3296875 0.0234375 0.021875
0 0.3015625 0.3296875 0.0328125 0.025
0 0.228125 0.4265625 0.046875 0.0390625
0 0.4328125 0.2640625 0.059375 0.0609375
0 0.6875 0.403125 0.09375 0.0921875
0 0.7609375 0.18125 0.0421875 0.0421875