0 0.5984375 0.7109375 0.06875 0.06875
0 0.6875 0.5984375 0.0453125 0.0484375
0 0.7546875 0.6046875 0.05 0.0515625
0 0.81875 0.4890625 0.0625 0.059375
0 0.703125 0.390625 0.0671875 0.0671875
0 0.6671875 0.3921875 0.04375 0.040625
0 0.60625 0.334375 0.0390625 0.0421875
0 0.5609375 0.446875 0.0453125 0.0453125
0 0.59375 0.4984375 0.0578125 0.05625
0 0.2421875 0.4796875 0.090625 0.084375
0 0.1140625 0.73125 0.0515625 0.053125
0 0.4203125 0.275 0.078125 0.0734375
0 0.2859375 0.2171875 0.040625 0.0421875
0 0.553125 0.6796875 0.0421875 0.0453125
0 0.5875 0.6640625 0.046875 0.046875