0 0.5296875 0.696875 0.0984375 0.096875
0 0.3203125 0.6984375 0.0421875 0.040625
0 0.2609375 0.65625 0.034375 0.0375
0 0.3484375 0.534375 0.0703125 0.059375
0 0.5390625 0.4125 0.0453125 0.0453125
0 0.59375 0.384375 0.046875 0.0421875
0 0.69375 0.309375 0.0453125 0.0375
0 0.70625 0.2609375 0.046875 0.0390625
0 0.7953125 0.3796875 0.0484375 0.0484375
0 0.603125 0.2078125 0.05625 0.05625
0 0.490625 0.3015625 0.0375 0.0390625
0 0.5 0.325 0.028125 0.025
0 0.4375 0.3703125 0.034375 0.03125
0 0.7625 0.4140625 0.0421875 0.0375
0 0.746875 0.3859375 0.0390625 0.0328125
0 0.515625 0.290625 0.0421875 0.04375