0 0.59375 0.7828125 0.071875 0.06875
0 0.6921875 0.653125 0.0421875 0.046875
0 0.765625 0.65625 0.0578125 0.053125
0 0.8515625 0.5140625 0.075 0.0625
0 0.7203125 0.396875 0.075 0.0578125
0 0.684375 0.4203125 0.0390625 0.040625
0 0.6296875 0.365625 0.046875 0.040625
0 0.56875 0.4953125 0.04375 0.040625
0 0.6046875 0.5515625 0.05625 0.053125
0 0.2859375 0.5578125 0.090625 0.0875
0 0.1765625 0.8046875 0.0484375 0.046875
0 0.4578125 0.3234375 0.0703125 0.065625
0 0.334375 0.2921875 0.0359375 0.034375
0 0.29375 0.3640625 0.046875 0.05
0 0.5859375 0.73125 0.046875 0.0484375
0 0.55625 0.7484375 0.0390625 0.046875
0 0.7375 0.428125 0.0671875 0.053125