0 0.5185546859375 0.2906249984375 0.51171875 0.3091796875 0.525390625 0.3150390625 0.53515625 0.2974609375 0.5185546859375 0.2906249984375
0 0.2939453140625 0.257421875 0.287109375 0.2720703125 0.30078125 0.2759765609375 0.3046875015625 0.2623046875 0.2939453140625 0.257421875
0 0.3603515625 0.194921875 0.35546875 0.2076171859375 0.369140625 0.21152343906249998 0.3730468734375 0.1998046875 0.3603515625 0.194921875
0 0.3896484375 0.19101562656249998 0.3828124984375 0.2037109375 0.39453125 0.2095703125 0.400390625 0.19589843906249998 0.3896484375 0.19101562656249998
0 0.4306640609375 0.12265625 0.4238281265625 0.1353515609375 0.4355468734375 0.1412109375 0.44140625 0.1275390625 0.4306640609375 0.12265625
0 0.4501953140625 0.183203125 0.443359375 0.19589843906249998 0.4550781265625 0.20175781406249998 0.4609375015625 0.1880859375 0.4501953140625 0.183203125
0 0.4853515625 0.12851562656249998 0.48046875 0.1412109375 0.494140625 0.1451171859375 0.49609375 0.1314453125 0.4853515625 0.12851562656249998
0 0.4521484375 0.230078125 0.447265625 0.24277343906249998 0.4609375015625 0.2466796875 0.46484375 0.2349609375 0.4521484375 0.230078125
0 0.3740234375 0.21640625 0.365234375 0.2291015609375 0.3769531265625 0.2349609375 0.384765625 0.2251953125 0.3740234375 0.21640625
0 0.349609375 0.2779296875 0.3447265625 0.261328125 0.3359375015625 0.2740234390625 0.349609375 0.2779296875
0 0.4853515625 0.2183593734375 0.4824218734375 0.2349609375 0.49609375 0.2369140625 0.4980468734375 0.2212890625 0.4853515625 0.2183593734375
0 0.5263671875 0.1734375 0.521484375 0.1880859375 0.53515625 0.1900390625 0.537109375 0.1783203125 0.5263671875 0.1734375
0 0.5517578125 0.14414062656249998 0.5488281265625 0.1587890625 0.5605468734375 0.1607421859375 0.5644531265625 0.1470703125 0.5517578125 0.14414062656249998
0 0.5478515625 0.1968749984375 0.54296875 0.2076171859375 0.5546875015625 0.2134765609375 0.5605468734375 0.20175781406249998 0.5478515625 0.1968749984375
0 0.5908203140625 0.1734375 0.583984375 0.1822265609375 0.59375 0.1900390625 0.6015624984375 0.18027343906249998 0.5908203140625 0.1734375
0 0.6005859390625 0.1558593734375 0.59765625 0.16464843906249998 0.6113281265625 0.1685546875 0.61328125 0.1587890625 0.6005859390625 0.1558593734375
0 0.6181640609375 0.1402343734375 0.6074218734375 0.1470703125 0.6171875015625 0.1587890625 0.625 0.1529296875 0.6181640609375 0.1402343734375
0 0.6279296859375 0.1714843734375 0.6230468734375 0.18613281406249998 0.634765625 0.1900390625 0.640625 0.1763671859375 0.6279296859375 0.1714843734375
0 0.7099609390625 0.1968749984375 0.7050781265625 0.2076171859375 0.71875 0.21152343906249998 0.7207031265625 0.1998046875 0.7099609390625 0.1968749984375
0 0.7373046859375 0.2046875 0.7324218734375 0.2154296875 0.74609375 0.2193359375 0.7480468734375 0.2076171859375 0.7373046859375 0.2046875
0 0.7119140609375 0.2984375 0.7109375015625 0.3111328140625 0.724609375 0.3130859375 0.7265624984375 0.2994140625 0.7119140609375 0.2984375
0 0.7978515625 0.27890625 0.79296875 0.2916015609375 0.806640625 0.2955078140625 0.8105468734375 0.2837890625 0.7978515625 0.27890625
0 0.6630859390625 0.27890625 0.6542968734375 0.2876953125 0.666015625 0.2974609375 0.6738281265625 0.2857421859375 0.6630859390625 0.27890625
0 0.6728515625 0.288671875 0.666015625 0.3013671859375 0.6796875015625 0.3072265609375 0.68359375 0.2935546875 0.6728515625 0.288671875
0 0.7958984375 0.382421875 0.7890624984375 0.3951171859375 0.8046875015625 0.4029296875 0.8105468734375 0.3873046875 0.7958984375 0.382421875
0 0.7529296859375 0.3843749984375 0.74609375 0.4009765609375 0.7636718734375 0.4048828140625 0.765625 0.3873046875 0.7529296859375 0.3843749984375
0 0.7490234375 0.39609375 0.7421875015625 0.4107421859375 0.755859375 0.4166015609375 0.7636718734375 0.4009765609375 0.7490234375 0.39609375
0 0.8603515625 0.4214843734375 0.853515625 0.4322265609375 0.8671875015625 0.4380859375 0.87109375 0.4283203125 0.8603515625 0.4214843734375
0 0.8115234375 0.48984375 0.806640625 0.5025390625 0.822265625 0.5083984390625 0.8261718734375 0.4927734390625 0.8115234375 0.48984375
0 0.6318359390625 0.4839843734375 0.6230468734375 0.4966796875 0.63671875 0.5025390625 0.6425781265625 0.4908203125 0.6318359390625 0.4839843734375
0 0.7900390609375 0.589453125 0.78125 0.6021484390625 0.7949218734375 0.6099609375 0.802734375 0.5982421859375 0.7900390609375 0.589453125
0 0.8505859390625 0.636328125 0.84375 0.6470703125 0.8574218734375 0.6548828140625 0.86328125 0.6412109375 0.8505859390625 0.636328125
0 0.7451171875 0.66171875 0.7363281265625 0.6763671859375 0.7519531265625 0.6822265609375 0.7578124984375 0.6705078140625 0.7451171875 0.66171875
0 0.7041015625 0.77890625 0.697265625 0.7935546875 0.7109375015625 0.7974609375 0.71484375 0.7857421859375 0.7041015625 0.77890625
0 0.6337890609375 0.79453125 0.62890625 0.8052734390625 0.640625 0.8111328140625 0.646484375 0.8013671859375 0.6337890609375 0.79453125
0 0.5791015625 0.773046875 0.572265625 0.7837890625 0.583984375 0.7916015609375 0.5917968734375 0.7798828140625 0.5791015625 0.773046875
0 0.5634765625 0.866796875 0.5625 0.8794921859375 0.57421875 0.8814453125 0.5761718734375 0.8677734390625 0.5634765625 0.866796875
0 0.4794921875 0.7535156265625 0.4707031265625 0.7642578140625 0.484375 0.7701171859375 0.48828125 0.7583984390625 0.4794921875 0.7535156265625
0 0.4228515625 0.7339843734375 0.421875 0.7466796875 0.43359375 0.7486328140625 0.4375 0.7369140625 0.4228515625 0.7339843734375
0 0.35546875 0.7642578140625 0.3583984375 0.741796875 0.3417968734375 0.7564453125 0.35546875 0.7642578140625
0 0.3642578125 0.69296875 0.359375 0.7056640625 0.37109375 0.7095703125 0.3769531265625 0.6998046875 0.3642578125 0.69296875
0 0.3212890609375 0.66953125 0.318359375 0.6802734390625 0.33203125 0.6841796875 0.333984375 0.6705078140625 0.3212890609375 0.66953125
0 0.2255859390625 0.66953125 0.22265625 0.6783203125 0.2363281265625 0.6822265609375 0.23828125 0.6724609375 0.2255859390625 0.66953125
0 0.1884765625 0.5972656265625 0.1855468734375 0.6080078140625 0.197265625 0.6099609375 0.19921875 0.6001953125 0.1884765625 0.5972656265625
0 0.1357421875 0.5816406265625 0.12890625 0.5943359375 0.140625 0.5982421859375 0.146484375 0.5904296875 0.1357421875 0.5816406265625
0 0.1337890609375 0.52109375 0.1269531265625 0.5318359375 0.1386718734375 0.5376953125 0.14453125 0.5279296875 0.1337890609375 0.52109375
0 0.2333984375 0.542578125 0.2265624984375 0.5552734390625 0.23828125 0.5591796875 0.2421875015625 0.5474609375 0.2333984375 0.542578125
0 0.2822265625 0.5660156265625 0.27734375 0.5787109375 0.291015625 0.5826171859375 0.2949218734375 0.5708984390625 0.2822265625 0.5660156265625
0 0.1630859390625 0.476171875 0.1582031265625 0.4888671859375 0.16796875 0.4927734390625 0.1738281265625 0.4810546875 0.1630859390625 0.476171875
0 0.1396484375 0.417578125 0.134765625 0.4283203125 0.1484375015625 0.4322265609375 0.150390625 0.4205078140625 0.1396484375 0.417578125
0 0.1865234375 0.3902343734375 0.181640625 0.4009765609375 0.19140625 0.4048828140625 0.1953124984375 0.3951171859375 0.1865234375 0.3902343734375
0 0.1669921875 0.382421875 0.1640624984375 0.3931640625 0.17578125 0.3970703125 0.1796875015625 0.3853515609375 0.1669921875 0.382421875
0 0.1591796859375 0.370703125 0.15625 0.3814453125 0.166015625 0.3833984390625 0.1699218734375 0.3736328140625 0.1591796859375 0.370703125