0 0.44140625 0.2138671875 0.439453125 0.2119140625 0.439453125 0.2099609375 0.4326171875 0.203125 0.4306640625 0.203125 0.4287109375 0.201171875 0.4189453125 0.201171875 0.4169921875 0.203125 0.4150390625 0.203125 0.41015625 0.2080078125 0.41015625 0.2099609375 0.408203125 0.2119140625 0.408203125 0.2216796875 0.41015625 0.2236328125 0.41015625 0.2255859375 0.412109375 0.2275390625 0.412109375 0.2294921875 0.4150390625 0.232421875 0.4169921875 0.232421875 0.4189453125 0.234375 0.4287109375 0.234375 0.4296875 0.2333984375 0.4306640625 0.232421875 0.4326171875 0.232421875 0.439453125 0.2255859375 0.439453125 0.2236328125 0.44140625 0.2216796875 0.44140625 0.2138671875
0 0.34375 0.4267578125 0.345703125 0.4248046875 0.345703125 0.4091796875 0.3388671875 0.40234375 0.3369140625 0.40234375 0.3349609375 0.400390625 0.3232421875 0.400390625 0.3212890625 0.40234375 0.3193359375 0.40234375 0.314453125 0.4072265625 0.314453125 0.4091796875 0.3125 0.4111328125 0.3125 0.4248046875 0.3212890625 0.43359375 0.3251953125 0.43359375 0.3271484375 0.435546875 0.3330078125 0.435546875 0.333984375 0.4345703125 0.3349609375 0.43359375 0.3369140625 0.43359375 0.3388671875 0.431640625 0.3408203125 0.431640625 0.34375 0.4287109375 0.34375 0.4267578125
0 0.3876953125 0.458984375 0.3857421875 0.45703125 0.3779296875 0.45703125 0.3759765625 0.458984375 0.3740234375 0.458984375 0.3720703125 0.4609375 0.3701171875 0.4609375 0.365234375 0.4658203125 0.365234375 0.4677734375 0.36328125 0.4697265625 0.36328125 0.4814453125 0.365234375 0.4833984375 0.365234375 0.4853515625 0.3701171875 0.490234375 0.3720703125 0.490234375 0.3740234375 0.4921875 0.3876953125 0.4921875 0.388671875 0.4912109375 0.3984375 0.4814453125 0.3984375 0.4697265625 0.396484375 0.4677734375 0.396484375 0.4658203125 0.3896484375 0.458984375 0.3876953125 0.458984375
0 0.4931640625 0.26171875 0.4912109375 0.259765625 0.4794921875 0.259765625 0.4775390625 0.26171875 0.4736328125 0.26171875 0.46875 0.2666015625 0.46875 0.2763671875 0.4755859375 0.283203125 0.4775390625 0.283203125 0.4794921875 0.28515625 0.4873046875 0.28515625 0.48828125 0.2841796875 0.4892578125 0.283203125 0.4931640625 0.283203125 0.5 0.2763671875 0.5 0.2666015625 0.4951171875 0.26171875 0.4931640625 0.26171875
0 0.5 0.2685546875 0.498046875 0.2666015625 0.498046875 0.2646484375 0.4951171875 0.26171875 0.4931640625 0.26171875 0.490234375 0.2587890625 0.4921875 0.2568359375 0.4921875 0.2548828125 0.498046875 0.2490234375 0.498046875 0.2470703125 0.5 0.2451171875 0.5 0.2412109375 0.498046875 0.2392578125 0.498046875 0.2373046875 0.49609375 0.2353515625 0.49609375 0.2333984375 0.4951171875 0.232421875 0.4931640625 0.232421875 0.4912109375 0.23046875 0.4794921875 0.23046875 0.474609375 0.2353515625 0.474609375 0.2373046875 0.46875 0.2431640625 0.46875 0.2548828125 0.4716796875 0.2578125 0.4736328125 0.2578125 0.474609375 0.2587890625 0.474609375 0.2607421875 0.46875 0.2666015625 0.46875 0.2763671875 0.4755859375 0.283203125 0.4775390625 0.283203125 0.4794921875 0.28515625 0.4873046875 0.28515625 0.48828125 0.2841796875 0.4892578125 0.283203125 0.4931640625 0.283203125 0.498046875 0.2783203125 0.498046875 0.2763671875 0.5 0.2744140625 0.5 0.2685546875
0 0.515625 0.7236328125 0.5087890625 0.716796875 0.5068359375 0.716796875 0.5048828125 0.71484375 0.4951171875 0.71484375 0.4931640625 0.716796875 0.4912109375 0.716796875 0.484375 0.7236328125 0.484375 0.7275390625 0.482421875 0.7294921875 0.482421875 0.7333984375 0.484375 0.7353515625 0.484375 0.7392578125 0.4931640625 0.748046875 0.5068359375 0.748046875 0.5078125 0.7470703125 0.515625 0.7392578125 0.515625 0.7353515625 0.517578125 0.7333984375 0.517578125 0.7275390625 0.515625 0.7255859375 0.515625 0.7236328125
0 0.5234375 0.6689453125 0.521484375 0.6669921875 0.521484375 0.6650390625 0.5185546875 0.662109375 0.5166015625 0.662109375 0.5146484375 0.66015625 0.5009765625 0.66015625 0.4990234375 0.662109375 0.4970703125 0.662109375 0.494140625 0.6650390625 0.494140625 0.6669921875 0.4921875 0.6689453125 0.4921875 0.6767578125 0.494140625 0.6787109375 0.494140625 0.6845703125 0.4990234375 0.689453125 0.5029296875 0.689453125 0.5048828125 0.69140625 0.5107421875 0.69140625 0.51171875 0.6904296875 0.5126953125 0.689453125 0.5146484375 0.689453125 0.5166015625 0.6875 0.5185546875 0.6875 0.5234375 0.6826171875 0.5234375 0.6689453125
0 0.6015625 0.6298828125 0.599609375 0.6279296875 0.599609375 0.6259765625 0.59765625 0.6240234375 0.59765625 0.6220703125 0.5966796875 0.62109375 0.5947265625 0.62109375 0.5927734375 0.619140625 0.5869140625 0.619140625 0.5849609375 0.62109375 0.5830078125 0.62109375 0.5810546875 0.623046875 0.5791015625 0.623046875 0.578125 0.6240234375 0.578125 0.6298828125 0.576171875 0.6318359375 0.576171875 0.6357421875 0.578125 0.6376953125 0.578125 0.6396484375 0.5849609375 0.646484375 0.5869140625 0.646484375 0.5888671875 0.6484375 0.5927734375 0.6484375 0.59375 0.6474609375 0.5947265625 0.646484375 0.5966796875 0.646484375 0.599609375 0.6435546875 0.599609375 0.6416015625 0.6015625 0.6396484375 0.6015625 0.6298828125
0 0.6123046875 0.6328125 0.6142578125 0.6328125 0.615234375 0.6318359375 0.615234375 0.6298828125 0.6142578125 0.62890625 0.6123046875 0.62890625 0.611328125 0.6298828125 0.611328125 0.6318359375 0.6123046875 0.6328125
0 0.66796875 0.6103515625 0.666015625 0.6083984375 0.666015625 0.6064453125 0.6611328125 0.6015625 0.6474609375 0.6015625 0.640625 0.6083984375 0.640625 0.6103515625 0.638671875 0.6123046875 0.638671875 0.6201171875 0.640625 0.6220703125 0.640625 0.6240234375 0.642578125 0.6259765625 0.642578125 0.6279296875 0.6435546875 0.62890625 0.6455078125 0.62890625 0.6474609375 0.630859375 0.6494140625 0.630859375 0.6513671875 0.6328125 0.6591796875 0.6328125 0.66015625 0.6318359375 0.66796875 0.6240234375 0.66796875 0.6201171875 0.669921875 0.6181640625 0.669921875 0.6142578125 0.66796875 0.6123046875 0.66796875 0.6103515625
0 0.8505859375 0.462890625 0.84765625 0.4658203125 0.84765625 0.4677734375 0.845703125 0.4697265625 0.845703125 0.4814453125 0.8505859375 0.486328125 0.8525390625 0.486328125 0.8544921875 0.48828125 0.8642578125 0.48828125 0.865234375 0.4873046875 0.87109375 0.4814453125 0.87109375 0.4677734375 0.8642578125 0.4609375 0.8544921875 0.4609375 0.8525390625 0.462890625 0.8505859375 0.462890625
0 0.7958984375 0.73828125 0.7919921875 0.73828125 0.7900390625 0.740234375 0.7880859375 0.740234375 0.78515625 0.7431640625 0.78515625 0.7451171875 0.783203125 0.7470703125 0.783203125 0.7548828125 0.78515625 0.7568359375 0.78515625 0.7587890625 0.7919921875 0.765625 0.8037109375 0.765625 0.8046875 0.7646484375 0.810546875 0.7587890625 0.810546875 0.7451171875 0.8037109375 0.73828125 0.7998046875 0.73828125 0.7978515625 0.736328125 0.7958984375 0.73828125
0 0.83984375 0.7373046875 0.837890625 0.7353515625 0.837890625 0.7314453125 0.8310546875 0.724609375 0.8193359375 0.724609375 0.814453125 0.7294921875 0.814453125 0.7412109375 0.81640625 0.7431640625 0.81640625 0.7451171875 0.8232421875 0.751953125 0.8291015625 0.751953125 0.830078125 0.7509765625 0.8310546875 0.75 0.8330078125 0.75 0.837890625 0.7451171875 0.837890625 0.7431640625 0.83984375 0.7412109375 0.83984375 0.7373046875
0 0.8486328125 0.703125 0.84375 0.7080078125 0.84375 0.7177734375 0.845703125 0.7197265625 0.845703125 0.7216796875 0.8486328125 0.724609375 0.8505859375 0.724609375 0.8525390625 0.7265625 0.8603515625 0.7265625 0.861328125 0.7255859375 0.8671875 0.7197265625 0.8671875 0.7119140625 0.8603515625 0.705078125 0.8583984375 0.705078125 0.8564453125 0.703125 0.8486328125 0.703125
0 0.8603515625 0.68359375 0.8583984375 0.685546875 0.8564453125 0.685546875 0.853515625 0.6884765625 0.853515625 0.6904296875 0.8515625 0.6923828125 0.8515625 0.6982421875 0.853515625 0.7001953125 0.853515625 0.7021484375 0.8564453125 0.705078125 0.8583984375 0.705078125 0.8603515625 0.70703125 0.8623046875 0.70703125 0.8642578125 0.708984375 0.8720703125 0.708984375 0.873046875 0.7080078125 0.875 0.7060546875 0.875 0.6884765625 0.8720703125 0.685546875 0.8701171875 0.685546875 0.8681640625 0.68359375 0.8603515625 0.68359375