0 0.6259765625 0.69921875 0.6181640625 0.69921875 0.615234375 0.7021484375 0.615234375 0.7099609375 0.6201171875 0.71484375 0.6259765625 0.71484375 0.626953125 0.7138671875 0.630859375 0.7099609375 0.630859375 0.7041015625 0.6259765625 0.69921875
0 0.6396484375 0.6953125 0.640625 0.6943359375 0.64453125 0.6923828125 0.64453125 0.6826171875 0.6435546875 0.681640625 0.6416015625 0.681640625 0.6396484375 0.6796875 0.6337890625 0.6796875 0.630859375 0.6826171875 0.630859375 0.6923828125 0.6318359375 0.693359375 0.6337890625 0.693359375 0.6357421875 0.6953125 0.6396484375 0.6953125
0 0.4638671875 0.583984375 0.46484375 0.5830078125 0.470703125 0.5771484375 0.470703125 0.5751953125 0.46875 0.5732421875 0.46875 0.5712890625 0.4658203125 0.568359375 0.4580078125 0.568359375 0.455078125 0.5712890625 0.455078125 0.5791015625 0.4580078125 0.58203125 0.4599609375 0.58203125 0.4619140625 0.583984375 0.4638671875 0.583984375
0 0.6201171875 0.625 0.62109375 0.6240234375 0.625 0.6220703125 0.625 0.6201171875 0.626953125 0.6181640625 0.626953125 0.6142578125 0.6220703125 0.609375 0.6142578125 0.609375 0.611328125 0.6123046875 0.611328125 0.6201171875 0.6142578125 0.623046875 0.6162109375 0.623046875 0.6181640625 0.625 0.6201171875 0.625
0 0.6455078125 0.625 0.6474609375 0.626953125 0.6533203125 0.626953125 0.654296875 0.6259765625 0.65625 0.6240234375 0.65625 0.6162109375 0.6533203125 0.61328125 0.6513671875 0.61328125 0.6494140625 0.611328125 0.6474609375 0.611328125 0.6455078125 0.61328125 0.6435546875 0.61328125 0.642578125 0.6142578125 0.642578125 0.6240234375 0.6435546875 0.625 0.6455078125 0.625
0 0.7353515625 0.626953125 0.7373046875 0.62890625 0.7392578125 0.62890625 0.740234375 0.6279296875 0.7412109375 0.626953125 0.7431640625 0.626953125 0.74609375 0.6240234375 0.74609375 0.6181640625 0.7412109375 0.61328125 0.7333984375 0.61328125 0.73046875 0.6162109375 0.73046875 0.6220703125 0.732421875 0.6240234375 0.732421875 0.6259765625 0.7333984375 0.626953125 0.7353515625 0.626953125
0 0.7685546875 0.63671875 0.76953125 0.6357421875 0.771484375 0.6337890625 0.771484375 0.6259765625 0.7705078125 0.625 0.7685546875 0.625 0.7666015625 0.623046875 0.7607421875 0.623046875 0.7578125 0.6259765625 0.7578125 0.6279296875 0.755859375 0.6298828125 0.755859375 0.6318359375 0.7607421875 0.63671875 0.7685546875 0.63671875
0 0.37109375 0.4912109375 0.375 0.4873046875 0.375 0.4833984375 0.373046875 0.4814453125 0.373046875 0.4794921875 0.3720703125 0.478515625 0.3681640625 0.478515625 0.365234375 0.4814453125 0.365234375 0.4853515625 0.36328125 0.4873046875 0.3681640625 0.4921875 0.3701171875 0.4921875 0.37109375 0.4912109375
0 0.48828125 0.3876953125 0.48828125 0.3857421875 0.486328125 0.3837890625 0.486328125 0.3818359375 0.4853515625 0.380859375 0.4775390625 0.380859375 0.474609375 0.3837890625 0.474609375 0.3896484375 0.4775390625 0.392578125 0.4833984375 0.392578125 0.484375 0.3916015625 0.48828125 0.3876953125
0 0.4765625 0.3681640625 0.48046875 0.3642578125 0.48046875 0.3603515625 0.4775390625 0.357421875 0.4755859375 0.357421875 0.4736328125 0.35546875 0.4716796875 0.357421875 0.4697265625 0.357421875 0.466796875 0.3603515625 0.466796875 0.3662109375 0.4697265625 0.369140625 0.4755859375 0.369140625 0.4765625 0.3681640625
0 0.5654296875 0.333984375 0.5712890625 0.333984375 0.572265625 0.3330078125 0.572265625 0.3310546875 0.57421875 0.3291015625 0.57421875 0.3271484375 0.572265625 0.3251953125 0.572265625 0.3232421875 0.5712890625 0.322265625 0.5634765625 0.322265625 0.5625 0.3232421875 0.5625 0.3251953125 0.560546875 0.3271484375 0.560546875 0.3291015625 0.5654296875 0.333984375
0 0.5458984375 0.3671875 0.546875 0.3662109375 0.546875 0.3583984375 0.5458984375 0.357421875 0.5439453125 0.357421875 0.5419921875 0.35546875 0.5400390625 0.357421875 0.5380859375 0.357421875 0.53515625 0.3603515625 0.53515625 0.3623046875 0.537109375 0.3642578125 0.537109375 0.3662109375 0.5380859375 0.3671875 0.5458984375 0.3671875
0 0.57421875 0.3740234375 0.57421875 0.3720703125 0.576171875 0.3701171875 0.576171875 0.3681640625 0.5712890625 0.36328125 0.5673828125 0.36328125 0.5625 0.3681640625 0.5625 0.3701171875 0.564453125 0.3720703125 0.564453125 0.3740234375 0.5654296875 0.375 0.5732421875 0.375 0.57421875 0.3740234375
0 0.552734375 0.4013671875 0.552734375 0.4091796875 0.5537109375 0.41015625 0.5556640625 0.41015625 0.5576171875 0.412109375 0.5615234375 0.412109375 0.5625 0.4111328125 0.564453125 0.4091796875 0.564453125 0.4072265625 0.56640625 0.4052734375 0.564453125 0.4033203125 0.564453125 0.4013671875 0.5634765625 0.400390625 0.5615234375 0.400390625 0.5595703125 0.3984375 0.5576171875 0.3984375 0.5556640625 0.400390625 0.5537109375 0.400390625 0.552734375 0.4013671875
0 0.5927734375 0.4296875 0.5869140625 0.4296875 0.583984375 0.4326171875 0.583984375 0.4384765625 0.5869140625 0.44140625 0.5927734375 0.44140625 0.59375 0.4404296875 0.595703125 0.4384765625 0.595703125 0.4326171875 0.5927734375 0.4296875
0 0.607421875 0.4423828125 0.607421875 0.4365234375 0.6044921875 0.43359375 0.6025390625 0.43359375 0.6005859375 0.435546875 0.5986328125 0.435546875 0.59765625 0.4365234375 0.59765625 0.4423828125 0.6005859375 0.4453125 0.6044921875 0.4453125 0.60546875 0.4443359375 0.607421875 0.4423828125
0 0.6171875 0.4541015625 0.6171875 0.4521484375 0.619140625 0.4501953125 0.619140625 0.4482421875 0.6171875 0.4462890625 0.6171875 0.4443359375 0.6162109375 0.443359375 0.6103515625 0.443359375 0.607421875 0.4462890625 0.607421875 0.4521484375 0.6103515625 0.455078125 0.6162109375 0.455078125 0.6171875 0.4541015625
0 0.6240234375 0.48828125 0.6318359375 0.48828125 0.6328125 0.4873046875 0.6328125 0.4853515625 0.634765625 0.4833984375 0.634765625 0.4814453125 0.6328125 0.4794921875 0.6328125 0.4775390625 0.6318359375 0.4765625 0.6298828125 0.4765625 0.6279296875 0.474609375 0.6240234375 0.474609375 0.62109375 0.4775390625 0.62109375 0.4853515625 0.6240234375 0.48828125
0 0.6884765625 0.4765625 0.6904296875 0.478515625 0.6962890625 0.478515625 0.697265625 0.4775390625 0.701171875 0.4736328125 0.701171875 0.4677734375 0.6982421875 0.46484375 0.6962890625 0.46484375 0.6943359375 0.462890625 0.6923828125 0.462890625 0.6904296875 0.46484375 0.6884765625 0.46484375 0.685546875 0.4677734375 0.685546875 0.4755859375 0.6865234375 0.4765625 0.6884765625 0.4765625
0 0.7568359375 0.24609375 0.7509765625 0.24609375 0.748046875 0.2490234375 0.748046875 0.2548828125 0.7509765625 0.2578125 0.7568359375 0.2578125 0.7578125 0.2568359375 0.759765625 0.2548828125 0.759765625 0.2490234375 0.7568359375 0.24609375
0 0.7412109375 0.208984375 0.7353515625 0.208984375 0.734375 0.2099609375 0.734375 0.2158203125 0.7353515625 0.216796875 0.7412109375 0.216796875 0.7421875 0.2158203125 0.744140625 0.2138671875 0.744140625 0.2119140625 0.7412109375 0.208984375
0 0.7392578125 0.185546875 0.7353515625 0.185546875 0.73046875 0.1904296875 0.73046875 0.1962890625 0.7333984375 0.19921875 0.7373046875 0.19921875 0.73828125 0.1982421875 0.7421875 0.1943359375 0.7421875 0.1884765625 0.7392578125 0.185546875
0 0.78125 0.2041015625 0.78125 0.1982421875 0.7783203125 0.1953125 0.7763671875 0.1953125 0.7744140625 0.197265625 0.7724609375 0.197265625 0.76953125 0.2001953125 0.76953125 0.2041015625 0.7724609375 0.20703125 0.7783203125 0.20703125 0.779296875 0.2060546875 0.78125 0.2041015625
0 0.7529296875 0.208984375 0.7470703125 0.208984375 0.744140625 0.2119140625 0.744140625 0.2158203125 0.7470703125 0.21875 0.7529296875 0.21875 0.75390625 0.2177734375 0.755859375 0.2158203125 0.755859375 0.2119140625 0.7529296875 0.208984375
0 0.7744140625 0.154296875 0.775390625 0.1533203125 0.779296875 0.1513671875 0.779296875 0.1435546875 0.7763671875 0.140625 0.7744140625 0.140625 0.7724609375 0.142578125 0.7685546875 0.142578125 0.767578125 0.1435546875 0.767578125 0.1513671875 0.7685546875 0.15234375 0.7705078125 0.15234375 0.7724609375 0.154296875 0.7744140625 0.154296875
0 0.775390625 0.1767578125 0.775390625 0.1708984375 0.7724609375 0.16796875 0.7685546875 0.16796875 0.763671875 0.1728515625 0.763671875 0.1767578125 0.7646484375 0.177734375 0.7666015625 0.177734375 0.7685546875 0.1796875 0.7705078125 0.1796875 0.771484375 0.1787109375 0.775390625 0.1767578125
0 0.8388671875 0.140625 0.8310546875 0.140625 0.826171875 0.1455078125 0.826171875 0.1494140625 0.8291015625 0.15234375 0.8369140625 0.15234375 0.837890625 0.1513671875 0.83984375 0.1494140625 0.83984375 0.1416015625 0.8388671875 0.140625
0 0.8349609375 0.205078125 0.8291015625 0.205078125 0.826171875 0.2080078125 0.826171875 0.2138671875 0.8271484375 0.21484375 0.8349609375 0.21484375 0.8359375 0.2138671875 0.837890625 0.2119140625 0.837890625 0.2080078125 0.8349609375 0.205078125
0 0.857421875 0.1865234375 0.857421875 0.1923828125 0.8583984375 0.193359375 0.8662109375 0.193359375 0.8671875 0.1923828125 0.8671875 0.1865234375 0.8642578125 0.18359375 0.8603515625 0.18359375 0.857421875 0.1865234375
0 0.86328125 0.2001953125 0.86328125 0.2060546875 0.8642578125 0.20703125 0.8720703125 0.20703125 0.873046875 0.2060546875 0.873046875 0.2001953125 0.8720703125 0.19921875 0.8642578125 0.19921875 0.86328125 0.2001953125
0 0.83984375 0.2158203125 0.83984375 0.2216796875 0.8427734375 0.224609375 0.8466796875 0.224609375 0.84765625 0.2236328125 0.8515625 0.2197265625 0.8515625 0.2138671875 0.849609375 0.2119140625 0.849609375 0.2060546875 0.8466796875 0.203125 0.8427734375 0.20703125 0.8408203125 0.20703125 0.83984375 0.2080078125 0.83984375 0.2099609375 0.837890625 0.2119140625 0.837890625 0.2138671875 0.83984375 0.2158203125
0 0.8974609375 0.173828125 0.8896484375 0.173828125 0.88671875 0.1767578125 0.88671875 0.1806640625 0.8896484375 0.18359375 0.8955078125 0.18359375 0.896484375 0.1826171875 0.8984375 0.1806640625 0.8984375 0.1748046875 0.8974609375 0.173828125
0 0.9384765625 0.13671875 0.9326171875 0.13671875 0.9296875 0.1396484375 0.9296875 0.1435546875 0.9326171875 0.146484375 0.9384765625 0.146484375 0.939453125 0.1455078125 0.94140625 0.1435546875 0.94140625 0.1396484375 0.9384765625 0.13671875
0 0.92578125 0.1689453125 0.9267578125 0.169921875 0.9345703125 0.169921875 0.935546875 0.1689453125 0.939453125 0.1650390625 0.939453125 0.1611328125 0.9375 0.1591796875 0.9375 0.1572265625 0.9365234375 0.15625 0.9345703125 0.15625 0.9306640625 0.16015625 0.9287109375 0.16015625 0.927734375 0.1611328125 0.927734375 0.1630859375 0.92578125 0.1650390625 0.92578125 0.1689453125
0 0.9267578125 0.169921875 0.9228515625 0.169921875 0.919921875 0.1728515625 0.919921875 0.1787109375 0.9208984375 0.1796875 0.9267578125 0.1796875 0.927734375 0.1787109375 0.9296875 0.1767578125 0.9296875 0.1728515625 0.9267578125 0.169921875
0 0.9677734375 0.1640625 0.96875 0.1630859375 0.97265625 0.1591796875 0.97265625 0.1572265625 0.970703125 0.1552734375 0.970703125 0.1533203125 0.9697265625 0.15234375 0.9619140625 0.15234375 0.9599609375 0.154296875 0.9580078125 0.154296875 0.955078125 0.1572265625 0.955078125 0.1611328125 0.9580078125 0.1640625 0.9677734375 0.1640625
0 0.9580078125 0.162109375 0.9541015625 0.162109375 0.94921875 0.1669921875 0.94921875 0.1708984375 0.9521484375 0.173828125 0.9580078125 0.173828125 0.958984375 0.1728515625 0.9609375 0.1708984375 0.9609375 0.1650390625 0.9580078125 0.162109375