0 0.4853515625 0.298828125 0.4775390625 0.298828125 0.4765625 0.2998046875 0.4765625 0.3076171875 0.4775390625 0.30859375 0.4853515625 0.30859375 0.486328125 0.3076171875 0.48828125 0.3056640625 0.48828125 0.3017578125 0.4853515625 0.298828125
0 0.49609375 0.3291015625 0.49609375 0.3271484375 0.498046875 0.3251953125 0.498046875 0.3232421875 0.49609375 0.3212890625 0.49609375 0.3193359375 0.4951171875 0.318359375 0.4892578125 0.318359375 0.484375 0.3232421875 0.484375 0.3251953125 0.4892578125 0.330078125 0.4951171875 0.330078125 0.49609375 0.3291015625
0 0.556640625 0.2841796875 0.556640625 0.2783203125 0.5537109375 0.275390625 0.5478515625 0.275390625 0.546875 0.2763671875 0.546875 0.2783203125 0.544921875 0.2802734375 0.544921875 0.2822265625 0.5498046875 0.287109375 0.5517578125 0.287109375 0.552734375 0.2861328125 0.556640625 0.2841796875
0 0.3935546875 0.439453125 0.3876953125 0.439453125 0.384765625 0.4423828125 0.384765625 0.4501953125 0.3857421875 0.451171875 0.3935546875 0.451171875 0.39453125 0.4501953125 0.396484375 0.4482421875 0.396484375 0.4423828125 0.3935546875 0.439453125
0 0.3876953125 0.455078125 0.3837890625 0.455078125 0.380859375 0.4580078125 0.380859375 0.4599609375 0.3837890625 0.462890625 0.3876953125 0.462890625 0.388671875 0.4619140625 0.390625 0.4599609375 0.390625 0.4580078125 0.3876953125 0.455078125
0 0.353515625 0.4580078125 0.353515625 0.4658203125 0.3544921875 0.466796875 0.3623046875 0.466796875 0.36328125 0.4658203125 0.36328125 0.4580078125 0.3603515625 0.455078125 0.3564453125 0.455078125 0.353515625 0.4580078125
0 0.29296875 0.5830078125 0.29296875 0.5888671875 0.2958984375 0.591796875 0.3017578125 0.591796875 0.302734375 0.5908203125 0.302734375 0.5810546875 0.3017578125 0.580078125 0.2958984375 0.580078125 0.29296875 0.5830078125
0 0.30078125 0.5888671875 0.3037109375 0.591796875 0.3115234375 0.591796875 0.3125 0.5908203125 0.314453125 0.5888671875 0.314453125 0.5810546875 0.3134765625 0.580078125 0.3115234375 0.580078125 0.3095703125 0.578125 0.3076171875 0.578125 0.3056640625 0.580078125 0.3037109375 0.580078125 0.302734375 0.5810546875 0.302734375 0.5830078125 0.30078125 0.5849609375 0.30078125 0.5888671875
0 0.458984375 0.5126953125 0.458984375 0.5087890625 0.4580078125 0.5078125 0.4560546875 0.5078125 0.4541015625 0.505859375 0.4521484375 0.505859375 0.44921875 0.5087890625 0.44921875 0.5146484375 0.4501953125 0.515625 0.4560546875 0.515625 0.45703125 0.5146484375 0.458984375 0.5126953125
0 0.5849609375 0.3046875 0.5859375 0.3037109375 0.587890625 0.3017578125 0.587890625 0.2958984375 0.5869140625 0.294921875 0.5849609375 0.294921875 0.5830078125 0.29296875 0.5810546875 0.29296875 0.5791015625 0.294921875 0.5771484375 0.294921875 0.576171875 0.2958984375 0.576171875 0.3017578125 0.5791015625 0.3046875 0.5849609375 0.3046875
0 0.578125 0.3154296875 0.578125 0.3193359375 0.5791015625 0.3203125 0.5869140625 0.3203125 0.587890625 0.3193359375 0.587890625 0.3134765625 0.5869140625 0.3125 0.5810546875 0.3125 0.578125 0.3154296875
0 0.6728515625 0.294921875 0.6669921875 0.294921875 0.6640625 0.2978515625 0.6640625 0.3017578125 0.6669921875 0.3046875 0.6728515625 0.3046875 0.673828125 0.3037109375 0.67578125 0.3017578125 0.67578125 0.2978515625 0.6728515625 0.294921875
0 0.6845703125 0.298828125 0.6787109375 0.298828125 0.67578125 0.3017578125 0.67578125 0.3037109375 0.6787109375 0.306640625 0.6826171875 0.306640625 0.68359375 0.3056640625 0.685546875 0.3037109375 0.685546875 0.2998046875 0.6845703125 0.298828125
0 0.708984375 0.2841796875 0.7138671875 0.2890625 0.7158203125 0.2890625 0.716796875 0.2880859375 0.7177734375 0.287109375 0.7197265625 0.287109375 0.720703125 0.2861328125 0.720703125 0.2841796875 0.72265625 0.2822265625 0.72265625 0.2783203125 0.7197265625 0.275390625 0.7177734375 0.275390625 0.7158203125 0.27734375 0.7138671875 0.27734375 0.708984375 0.2822265625 0.708984375 0.2841796875
0 0.740234375 0.3056640625 0.7421875 0.3037109375 0.7421875 0.2998046875 0.7373046875 0.294921875 0.7333984375 0.294921875 0.73046875 0.2978515625 0.73046875 0.2998046875 0.728515625 0.3017578125 0.73046875 0.3037109375 0.73046875 0.3056640625 0.7314453125 0.306640625 0.7392578125 0.306640625 0.740234375 0.3056640625
0 0.7978515625 0.435546875 0.7900390625 0.435546875 0.787109375 0.4384765625 0.787109375 0.4423828125 0.7900390625 0.4453125 0.7958984375 0.4453125 0.796875 0.4443359375 0.798828125 0.4423828125 0.798828125 0.4365234375 0.7978515625 0.435546875
0 0.50390625 0.5576171875 0.50390625 0.5615234375 0.5068359375 0.564453125 0.5107421875 0.564453125 0.51171875 0.5634765625 0.51171875 0.5576171875 0.5087890625 0.5546875 0.5068359375 0.5546875 0.50390625 0.5576171875
0 0.3681640625 0.63671875 0.3623046875 0.63671875 0.359375 0.6396484375 0.359375 0.6455078125 0.3623046875 0.6484375 0.3662109375 0.6484375 0.3671875 0.6474609375 0.369140625 0.6455078125 0.369140625 0.6376953125 0.3681640625 0.63671875
0 0.4482421875 0.666015625 0.44921875 0.6650390625 0.453125 0.6611328125 0.453125 0.6572265625 0.451171875 0.6552734375 0.451171875 0.6533203125 0.4501953125 0.65234375 0.4423828125 0.65234375 0.439453125 0.6552734375 0.439453125 0.6630859375 0.4404296875 0.6640625 0.4423828125 0.6640625 0.4443359375 0.666015625 0.4482421875 0.666015625
0 0.42578125 0.7275390625 0.42578125 0.7197265625 0.4248046875 0.71875 0.4228515625 0.71875 0.4208984375 0.716796875 0.4189453125 0.716796875 0.4140625 0.7216796875 0.4140625 0.7255859375 0.4189453125 0.73046875 0.4208984375 0.73046875 0.421875 0.7294921875 0.42578125 0.7275390625
0 0.48828125 0.6982421875 0.48828125 0.6923828125 0.4853515625 0.689453125 0.4794921875 0.689453125 0.4765625 0.6923828125 0.4765625 0.7001953125 0.4775390625 0.701171875 0.4794921875 0.701171875 0.4814453125 0.703125 0.4833984375 0.703125 0.484375 0.7021484375 0.48828125 0.6982421875
0 0.552734375 0.6708984375 0.5478515625 0.666015625 0.5458984375 0.666015625 0.5390625 0.6728515625 0.541015625 0.6748046875 0.541015625 0.6767578125 0.5439453125 0.6796875 0.5498046875 0.6796875 0.55078125 0.6787109375 0.552734375 0.6767578125 0.552734375 0.6708984375
0 0.583984375 0.6591796875 0.583984375 0.6572265625 0.58203125 0.6552734375 0.58203125 0.6533203125 0.5810546875 0.65234375 0.5751953125 0.65234375 0.572265625 0.6552734375 0.572265625 0.6611328125 0.5751953125 0.6640625 0.5791015625 0.6640625 0.580078125 0.6630859375 0.583984375 0.6591796875
0 0.6708984375 0.66796875 0.6689453125 0.66796875 0.6640625 0.6728515625 0.6640625 0.6748046875 0.6689453125 0.6796875 0.6708984375 0.6796875 0.671875 0.6787109375 0.67578125 0.6748046875 0.67578125 0.6728515625 0.6708984375 0.66796875
0 0.7451171875 0.60546875 0.7470703125 0.607421875 0.748046875 0.6064453125 0.7490234375 0.60546875 0.7509765625 0.60546875 0.75390625 0.6025390625 0.75390625 0.5986328125 0.751953125 0.5966796875 0.751953125 0.5947265625 0.7509765625 0.59375 0.7431640625 0.59375 0.740234375 0.5966796875 0.740234375 0.6025390625 0.7431640625 0.60546875 0.7451171875 0.60546875
0 0.7890625 0.5966796875 0.79296875 0.5927734375 0.79296875 0.5888671875 0.7900390625 0.5859375 0.7880859375 0.5859375 0.7861328125 0.583984375 0.7841796875 0.5859375 0.7822265625 0.5859375 0.779296875 0.5888671875 0.779296875 0.5927734375 0.7841796875 0.59765625 0.7880859375 0.59765625 0.7890625 0.5966796875
0 0.8876953125 0.5390625 0.8798828125 0.5390625 0.876953125 0.5419921875 0.876953125 0.5478515625 0.8798828125 0.55078125 0.8857421875 0.55078125 0.88671875 0.5498046875 0.888671875 0.5478515625 0.888671875 0.5400390625 0.8876953125 0.5390625