0 0.528125 0.171875 0.0171875 0.01875
0 0.4796875 0.8984375 0.015625 0.0140625
0 0.5171875 0.8234375 0.0140625 0.0171875
0 0.609375 0.8421875 0.0140625 0.0125
0 0.6140625 0.8078125 0.0171875 0.015625
0 0.6546875 0.803125 0.015625 0.0140625
0 0.7 0.73125 0.0171875 0.0171875
0 0.590625 0.0828125 0.01875 0.015625
0 0.5171875 0.146875 0.0109375 0.01875
0 0.3125 0.1390625 0.0171875 0.015625
0 0.2265625 0.178125 0.021875 0.0265625
0 0.425 0.1 0.0171875 0.015625
0 0.4421875 0.134375 0.015625 0.0140625
0 0.459375 0.2265625 0.0078125 0.00625
0 0.4140625 0.2734375 0.01875 0.01875
0 0.46875 0.2453125 0.0140625 0.0171875
0 0.8234375 0.7609375 0.0140625 0.015625
0 0.740625 0.6640625 0.015625 0.0171875
0 0.759375 0.68125 0.015625 0.0171875
0 0.7046875 0.6734375 0.0171875 0.0171875
0 0.8515625 0.559375 0.015625 0.015625
0 0.8734375 0.6078125 0.015625 0.0171875
0 0.4265625 0.89375 0.00625 0.0046875
0 0.371875 0.8671875 0.0046875 0.0046875
0 0.3609375 0.865625 0.003125 0.003125
0 0.275 0.7015625 0.0171875 0.01875
0 0.44375 0.703125 0.0171875 0.0171875
0 0.6015625 0.7265625 0.0140625 0.015625
0 0.63125 0.68125 0.015625 0.0171875
0 0.646875 0.696875 0.015625 0.01875
0 0.571875 0.678125 0.015625 0.0171875
0 0.534375 0.6859375 0.015625 0.01875
0 0.53125 0.61875 0.0203125 0.0171875
0 0.628125 0.553125 0.0140625 0.0171875
0 0.5765625 0.5359375 0.015625 0.01875
0 0.578125 0.5171875 0.015625 0.0171875
0 0.5515625 0.4875 0.015625 0.01875
0 0.61875 0.4875 0.0140625 0.0171875
0 0.721875 0.53125 0.0171875 0.015625
0 0.653125 0.478125 0.0203125 0.0203125
0 0.4703125 0.6609375 0.0140625 0.0171875
0 0.4078125 0.6671875 0.015625 0.0171875
0 0.353125 0.640625 0.0171875 0.015625
0 0.30625 0.6078125 0.0171875 0.01875
0 0.2671875 0.5859375 0.015625 0.01875
0 0.3546875 0.5890625 0.0171875 0.0171875
0 0.3796875 0.5796875 0.0171875 0.01875
0 0.40625 0.5921875 0.0140625 0.0171875
0 0.171875 0.5296875 0.0140625 0.015625
0 0.1578125 0.475 0.0140625 0.015625
0 0.775 0.4234375 0.015625 0.0171875
0 0.784375 0.40625 0.0171875 0.0140625
0 0.7890625 0.384375 0.0140625 0.0109375
0 0.7828125 0.3453125 0.0125 0.015625
0 0.796875 0.34375 0.0109375 0.015625
0 0.696875 0.390625 0.003125 0.0015625
0 0.5 0.3765625 0.0140625 0.0171875
0 0.525 0.35625 0.0140625 0.015625
0 0.5578125 0.35625 0.0140625 0.0171875
0 0.6296875 0.3453125 0.015625 0.0171875
0 0.6015625 0.384375 0.0140625 0.015625
0 0.7609375 0.2796875 0.01875 0.015625
0 0.4546875 0.15625 0.01875 0.0234375
0 0.6984375 0.2953125 0.0171875 0.015625
0 0.1828125 0.3796875 0.0171875 0.0171875
0 0.290625 0.3328125 0.015625 0.0171875
0 0.28125 0.45 0.01875 0.0171875
0 0.29375 0.4625 0.0140625 0.0125
0 0.33125 0.4765625 0.0171875 0.0171875
0 0.3171875 0.421875 0.0171875 0.01875
0 0.3828125 0.41875 0.0171875 0.0171875
0 0.4046875 0.4171875 0.015625 0.0171875
0 0.3828125 0.36875 0.015625 0.01875
0 0.4140625 0.3828125 0.015625 0.015625
0 0.44375 0.3609375 0.01875 0.01875
0 0.5046875 0.4625 0.015625 0.0171875
0 0.4546875 0.49375 0.0140625 0.0171875
0 0.4453125 0.4390625 0.015625 0.01875
0 0.4296875 0.4453125 0.015625 0.0140625
0 0.4125 0.4625 0.01875 0.0140625
0 0.4265625 0.478125 0.0171875 0.0171875
0 0.5921875 0.4375 0.0140625 0.0171875
0 0.609375 0.44375 0.015625 0.015625