0 0.37890625 0.3466796875 0.376953125 0.3447265625 0.376953125 0.3427734375 0.3740234375 0.33984375 0.3720703125 0.33984375 0.3681640625 0.3359375 0.3623046875 0.3359375 0.3603515625 0.337890625 0.3583984375 0.337890625 0.353515625 0.3427734375 0.353515625 0.3525390625 0.35546875 0.3544921875 0.35546875 0.3564453125 0.3564453125 0.357421875 0.3583984375 0.357421875 0.3603515625 0.359375 0.3623046875 0.359375 0.3642578125 0.361328125 0.3681640625 0.361328125 0.369140625 0.3603515625 0.3701171875 0.359375 0.3720703125 0.359375 0.376953125 0.3544921875 0.376953125 0.3525390625 0.37890625 0.3505859375 0.37890625 0.3466796875
0 0.484375 0.2470703125 0.4814453125 0.244140625 0.4794921875 0.244140625 0.4775390625 0.2421875 0.4697265625 0.2421875 0.4677734375 0.240234375 0.4658203125 0.240234375 0.462890625 0.2431640625 0.462890625 0.2451171875 0.458984375 0.2490234375 0.458984375 0.2587890625 0.4638671875 0.263671875 0.4658203125 0.263671875 0.4677734375 0.265625 0.4755859375 0.265625 0.4765625 0.2646484375 0.4775390625 0.263671875 0.4794921875 0.263671875 0.482421875 0.2607421875 0.482421875 0.2587890625 0.484375 0.2568359375 0.484375 0.2470703125
0 0.3193359375 0.400390625 0.3173828125 0.40234375 0.3154296875 0.40234375 0.314453125 0.4033203125 0.314453125 0.4052734375 0.3125 0.4072265625 0.3125 0.4130859375 0.314453125 0.4150390625 0.314453125 0.4169921875 0.3173828125 0.419921875 0.3291015625 0.419921875 0.330078125 0.4189453125 0.333984375 0.4150390625 0.333984375 0.4130859375 0.3359375 0.4111328125 0.3359375 0.4072265625 0.3291015625 0.400390625 0.3193359375 0.400390625
0 0.32421875 0.4404296875 0.322265625 0.4384765625 0.322265625 0.4365234375 0.3212890625 0.435546875 0.3193359375 0.435546875 0.3173828125 0.43359375 0.3154296875 0.43359375 0.3134765625 0.431640625 0.3115234375 0.431640625 0.3095703125 0.43359375 0.3056640625 0.43359375 0.2998046875 0.439453125 0.2958984375 0.439453125 0.294921875 0.4404296875 0.294921875 0.4443359375 0.2978515625 0.447265625 0.2998046875 0.447265625 0.30078125 0.4482421875 0.30078125 0.4501953125 0.3037109375 0.453125 0.3056640625 0.453125 0.3076171875 0.455078125 0.3154296875 0.455078125 0.31640625 0.4541015625 0.3173828125 0.453125 0.3193359375 0.453125 0.322265625 0.4501953125 0.322265625 0.4482421875 0.32421875 0.4462890625 0.32421875 0.4404296875
0 0.5224609375 0.453125 0.517578125 0.4580078125 0.517578125 0.4677734375 0.51953125 0.4697265625 0.51953125 0.4716796875 0.5205078125 0.47265625 0.5224609375 0.47265625 0.5244140625 0.474609375 0.5341796875 0.474609375 0.53515625 0.4736328125 0.541015625 0.4677734375 0.541015625 0.4619140625 0.5390625 0.4599609375 0.5390625 0.4580078125 0.5341796875 0.453125 0.5224609375 0.453125
0 0.5400390625 0.4296875 0.5390625 0.4306640625 0.5390625 0.4326171875 0.537109375 0.4345703125 0.537109375 0.4404296875 0.5439453125 0.447265625 0.5537109375 0.447265625 0.5546875 0.4462890625 0.55859375 0.4423828125 0.55859375 0.4326171875 0.5537109375 0.427734375 0.5439453125 0.427734375 0.5419921875 0.4296875 0.5400390625 0.4296875
0 0.619140625 0.3837890625 0.6171875 0.3818359375 0.6171875 0.3798828125 0.6123046875 0.375 0.6103515625 0.375 0.6083984375 0.373046875 0.6005859375 0.373046875 0.5986328125 0.375 0.5966796875 0.375 0.59375 0.3779296875 0.59375 0.3798828125 0.591796875 0.3818359375 0.591796875 0.3896484375 0.59375 0.3916015625 0.59375 0.3935546875 0.5966796875 0.396484375 0.5986328125 0.396484375 0.6005859375 0.3984375 0.6103515625 0.3984375 0.611328125 0.3974609375 0.61328125 0.3955078125 0.61328125 0.3935546875 0.6171875 0.3896484375 0.6171875 0.3876953125 0.619140625 0.3857421875 0.619140625 0.3837890625
0 0.7890625 0.4208984375 0.7861328125 0.41796875 0.7841796875 0.41796875 0.7822265625 0.416015625 0.7802734375 0.416015625 0.7783203125 0.41796875 0.7744140625 0.41796875 0.771484375 0.4208984375 0.771484375 0.4228515625 0.7685546875 0.42578125 0.7666015625 0.42578125 0.765625 0.4267578125 0.771484375 0.4326171875 0.771484375 0.4345703125 0.7763671875 0.439453125 0.7783203125 0.439453125 0.7802734375 0.44140625 0.7822265625 0.44140625 0.783203125 0.4404296875 0.7841796875 0.439453125 0.7861328125 0.439453125 0.791015625 0.4345703125 0.791015625 0.4248046875 0.7890625 0.4228515625 0.7890625 0.4208984375
0 0.810546875 0.4150390625 0.8076171875 0.412109375 0.8056640625 0.412109375 0.8037109375 0.41015625 0.7958984375 0.41015625 0.7890625 0.4169921875 0.7890625 0.4228515625 0.791015625 0.4248046875 0.791015625 0.4267578125 0.79296875 0.4287109375 0.79296875 0.4306640625 0.7939453125 0.431640625 0.7958984375 0.431640625 0.7978515625 0.43359375 0.7998046875 0.43359375 0.8017578125 0.435546875 0.8037109375 0.435546875 0.8046875 0.4345703125 0.8056640625 0.43359375 0.8076171875 0.43359375 0.8125 0.4287109375 0.8125 0.4189453125 0.810546875 0.4169921875 0.810546875 0.4150390625
0 0.4443359375 0.7109375 0.4423828125 0.708984375 0.4404296875 0.708984375 0.4384765625 0.7109375 0.4365234375 0.7109375 0.4345703125 0.712890625 0.4326171875 0.712890625 0.431640625 0.7138671875 0.431640625 0.7177734375 0.4296875 0.7197265625 0.4296875 0.7255859375 0.431640625 0.7275390625 0.431640625 0.7294921875 0.43359375 0.7314453125 0.43359375 0.7333984375 0.4365234375 0.736328125 0.4443359375 0.736328125 0.4453125 0.7353515625 0.453125 0.7314453125 0.453125 0.7294921875 0.455078125 0.7275390625 0.455078125 0.7177734375 0.4482421875 0.7109375 0.4443359375 0.7109375
0 0.48046875 0.6884765625 0.4755859375 0.68359375 0.4736328125 0.68359375 0.4716796875 0.6796875 0.4697265625 0.6796875 0.4677734375 0.677734375 0.4619140625 0.677734375 0.4599609375 0.6796875 0.4580078125 0.6796875 0.455078125 0.6826171875 0.455078125 0.6845703125 0.453125 0.6865234375 0.453125 0.6904296875 0.4658203125 0.703125 0.4677734375 0.703125 0.4697265625 0.705078125 0.4755859375 0.705078125 0.4765625 0.7041015625 0.48046875 0.7001953125 0.48046875 0.6982421875 0.482421875 0.6962890625 0.482421875 0.6923828125 0.48046875 0.6904296875 0.48046875 0.6884765625
0 0.7734375 0.5634765625 0.7734375 0.5615234375 0.771484375 0.5595703125 0.771484375 0.5576171875 0.7646484375 0.55078125 0.7529296875 0.55078125 0.74609375 0.5576171875 0.74609375 0.5654296875 0.7529296875 0.572265625 0.7568359375 0.572265625 0.7587890625 0.57421875 0.7607421875 0.57421875 0.7626953125 0.576171875 0.763671875 0.5751953125 0.763671875 0.5732421875 0.7646484375 0.572265625 0.7666015625 0.572265625 0.771484375 0.5673828125 0.771484375 0.5654296875 0.7734375 0.5634765625
0 0.76953125 0.5791015625 0.7666015625 0.576171875 0.7607421875 0.576171875 0.7587890625 0.57421875 0.7568359375 0.57421875 0.7548828125 0.572265625 0.7529296875 0.572265625 0.7509765625 0.57421875 0.7490234375 0.57421875 0.74609375 0.5771484375 0.74609375 0.5869140625 0.7529296875 0.59375 0.7646484375 0.59375 0.765625 0.5927734375 0.76953125 0.5888671875 0.76953125 0.5869140625 0.771484375 0.5849609375 0.771484375 0.5830078125 0.76953125 0.5810546875 0.76953125 0.5791015625
0 0.634765625 0.2275390625 0.6298828125 0.22265625 0.6279296875 0.22265625 0.6259765625 0.220703125 0.6181640625 0.220703125 0.6162109375 0.22265625 0.6142578125 0.22265625 0.611328125 0.2255859375 0.611328125 0.2275390625 0.609375 0.2294921875 0.609375 0.2353515625 0.607421875 0.2373046875 0.609375 0.2392578125 0.609375 0.2412109375 0.6123046875 0.244140625 0.6142578125 0.244140625 0.6162109375 0.24609375 0.6259765625 0.24609375 0.626953125 0.2451171875 0.6279296875 0.244140625 0.6298828125 0.244140625 0.6328125 0.2412109375 0.6328125 0.2392578125 0.634765625 0.2373046875 0.634765625 0.2275390625