0 0.25 0.1453125 0.0203125 0.0171875
0 0.3046875 0.10625 0.0203125 0.021875
0 0.3265625 0.1 0.0203125 0.0203125
0 0.3421875 0.0625 0.021875 0.021875
0 0.36875 0.078125 0.021875 0.021875
0 0.4015625 0.0875 0.01875 0.021875
0 0.425 0.09375 0.0203125 0.025
0 0.4203125 0.1421875 0.0203125 0.028125
0 0.446875 0.1671875 0.01875 0.0234375
0 0.29375 0.21875 0.025 0.0265625
0 0.1421875 0.290625 0.0203125 0.0234375
0 0.1328125 0.4078125 0.021875 0.025
0 0.2796875 0.4296875 0.0203125 0.0234375
0 0.3296875 0.346875 0.025 0.0203125
0 0.3546875 0.403125 0.025 0.028125
0 0.175 0.540625 0.0203125 0.0234375
0 0.2046875 0.5484375 0.0296875 0.025
0 0.20625 0.5640625 0.0296875 0.025
0 0.1609375 0.6140625 0.025 0.0234375
0 0.3078125 0.578125 0.0328125 0.028125
0 0.38125 0.6234375 0.0265625 0.0265625
0 0.3671875 0.6609375 0.0234375 0.0234375
0 0.3328125 0.678125 0.0203125 0.0234375
0 0.2125 0.765625 0.0234375 0.021875
0 0.4234375 0.7625 0.0203125 0.0234375
0 0.4890625 0.85 0.0203125 0.021875
0 0.5265625 0.8640625 0.01875 0.01875
0 0.5484375 0.8046875 0.021875 0.025
0 0.4828125 0.7484375 0.015625 0.01875
0 0.5 0.7546875 0.0203125 0.01875
0 0.503125 0.734375 0.021875 0.0203125
0 0.5203125 0.7046875 0.0234375 0.0234375
0 0.5890625 0.703125 0.025 0.0203125
0 0.6015625 0.734375 0.0265625 0.025
0 0.7078125 0.8078125 0.021875 0.0171875
0 0.7640625 0.7765625 0.0203125 0.021875
0 0.7796875 0.7484375 0.0265625 0.0265625
0 0.8203125 0.7328125 0.0296875 0.028125
0 0.778125 0.6765625 0.0203125 0.0203125
0 0.8328125 0.6875 0.0203125 0.0203125
0 0.8484375 0.6390625 0.0265625 0.0234375
0 0.9125 0.525 0.021875 0.0234375
0 0.7921875 0.5109375 0.0203125 0.021875
0 0.8140625 0.425 0.0265625 0.01875
0 0.8765625 0.4046875 0.01875 0.0171875
0 0.8046875 0.371875 0.0234375 0.01875
0 0.8921875 0.3390625 0.0125 0.0140625
0 0.76875 0.2625 0.0265625 0.03125
0 0.7703125 0.2171875 0.0203125 0.025
0 0.7078125 0.2140625 0.01875 0.025
0 0.6984375 0.2578125 0.021875 0.0234375
0 0.721875 0.3046875 0.01875 0.01875
0 0.74375 0.325 0.021875 0.0234375
0 0.71875 0.353125 0.01875 0.0203125
0 0.7390625 0.3875 0.0125 0.015625
0 0.753125 0.3875 0.0265625 0.025
0 0.7484375 0.4078125 0.0171875 0.0171875
0 0.7375 0.415625 0.01875 0.01875
0 0.7203125 0.4234375 0.0203125 0.0171875
0 0.7359375 0.4515625 0.0171875 0.0171875
0 0.7109375 0.4546875 0.0265625 0.025
0 0.6671875 0.4421875 0.0171875 0.0171875
0 0.6828125 0.4234375 0.0171875 0.0171875
0 0.6921875 0.4125 0.0203125 0.01875
0 0.64375 0.4078125 0.0171875 0.015625
0 0.65625 0.415625 0.01875 0.0203125
0 0.60625 0.41875 0.0234375 0.0296875
0 0.621875 0.35625 0.0234375 0.0203125
0 0.66875 0.5234375 0.0203125 0.0203125
0 0.5859375 0.48125 0.01875 0.0203125
0 0.55 0.4671875 0.0203125 0.0171875
0 0.5265625 0.4765625 0.01875 0.0203125
0 0.50625 0.46875 0.0203125 0.0203125
0 0.4984375 0.453125 0.0234375 0.0203125
0 0.5046875 0.4109375 0.0203125 0.0234375
0 0.4875 0.54375 0.021875 0.0203125
0 0.5078125 0.6265625 0.0234375 0.0234375
0 0.4625 0.6203125 0.0234375 0.028125
0 0.425 0.49375 0.021875 0.0203125
0 0.540625 0.346875 0.015625 0.01875
0 0.5203125 0.3375 0.0203125 0.0203125
0 0.496875 0.3125 0.021875 0.0234375
0 0.48125 0.29375 0.0203125 0.01875
0 0.4609375 0.296875 0.015625 0.0203125
0 0.4484375 0.290625 0.0171875 0.0171875
0 0.4703125 0.271875 0.0203125 0.0171875
0 0.5078125 0.2734375 0.01875 0.0171875
0 0.528125 0.26875 0.0234375 0.021875
0 0.578125 0.3078125 0.0171875 0.0203125
0 0.6 0.3328125 0.021875 0.01875
0 0.6015625 0.2828125 0.0203125 0.021875
0 0.6265625 0.2734375 0.0234375 0.0234375
0 0.6328125 0.24375 0.0203125 0.01875
0 0.6515625 0.25 0.0234375 0.01875
0 0.634375 0.2296875 0.028125 0.01875
0 0.6609375 0.190625 0.0203125 0.01875
0 0.646875 0.1765625 0.0171875 0.0171875
0 0.6515625 0.1234375 0.0234375 0.0171875
0 0.5765625 0.1796875 0.0234375 0.0203125
0 0.525 0.240625 0.01875 0.021875
0 0.5171875 0.2140625 0.021875 0.0203125
0 0.484375 0.1984375 0.021875 0.021875
0 0.44375 0.240625 0.0203125 0.0234375
0 0.525 0.128125 0.0234375 0.025
0 0.565625 0.0625 0.0234375 0.0234375