0 0.3953125 0.8796875 0.0453125 0.0390625
0 0.5765625 0.8734375 0.040625 0.0359375
0 0.3765625 0.8046875 0.0390625 0.0359375
0 0.3609375 0.8578125 0.0359375 0.0390625
0 0.334375 0.83125 0.0359375 0.0375
0 0.3078125 0.8203125 0.0328125 0.0359375
0 0.3375 0.75625 0.053125 0.053125
0 0.4078125 0.7265625 0.0390625 0.0390625
0 0.4796875 0.76875 0.053125 0.0515625
0 0.3921875 0.665625 0.078125 0.075
0 0.3421875 0.68125 0.0375 0.0421875
0 0.21875 0.7328125 0.046875 0.05
0 0.2125 0.7671875 0.0390625 0.040625
0 0.1515625 0.7171875 0.0296875 0.028125
0 0.1265625 0.6796875 0.0234375 0.025
0 0.1125 0.6578125 0.028125 0.028125
0 0.13125 0.64375 0.0296875 0.028125
0 0.1765625 0.6421875 0.0375 0.028125
0 0.1046875 0.571875 0.03125 0.03125
0 0.2984375 0.496875 0.034375 0.034375
0 0.2078125 0.58125 0.0375 0.03125
0 0.3796875 0.5640625 0.0453125 0.040625
0 0.38125 0.5296875 0.040625 0.0375
0 0.4484375 0.5359375 0.0390625 0.0546875
0 0.5015625 0.51875 0.034375 0.0328125
0 0.178125 0.434375 0.034375 0.034375
0 0.2375 0.4203125 0.0328125 0.0359375
0 0.325 0.3828125 0.0796875 0.0703125
0 0.25625 0.490625 0.0328125 0.0296875
0 0.3671875 0.30625 0.034375 0.0359375
0 0.6765625 0.7640625 0.04375 0.04375
0 0.7296875 0.7609375 0.0375 0.0390625
0 0.7671875 0.7640625 0.0375 0.0390625
0 0.8 0.775 0.0296875 0.0296875
0 0.8578125 0.61875 0.0328125 0.034375
0 0.896875 0.5140625 0.0328125 0.03125
0 0.8203125 0.396875 0.0390625 0.0359375
0 0.7578125 0.721875 0.0359375 0.028125
0 0.55625 0.3015625 0.0390625 0.0375
0 0.134375 0.3421875 0.0296875 0.0265625
0 0.178125 0.303125 0.0265625 0.021875
0 0.1953125 0.2875 0.0296875 0.0265625
0 0.2140625 0.25 0.028125 0.0296875
0 0.2359375 0.259375 0.0296875 0.0296875
0 0.2984375 0.2828125 0.0265625 0.028125
0 0.525 0.1953125 0.046875 0.04375
0 0.4296875 0.278125 0.0453125 0.0390625
0 0.365625 0.24375 0.0265625 0.0265625
0 0.328125 0.2453125 0.040625 0.05
0 0.26875 0.2515625 0.025 0.025
0 0.2921875 0.2375 0.028125 0.028125
0 0.3 0.2078125 0.0234375 0.0234375
0 0.340625 0.2046875 0.015625 0.0140625
0 0.365625 0.2171875 0.03125 0.028125
0 0.40625 0.2265625 0.028125 0.028125
0 0.4328125 0.21875 0.0296875 0.03125
0 0.4453125 0.2375 0.0203125 0.0203125
0 0.459375 0.209375 0.0265625 0.025
0 0.2578125 0.3921875 0.03125 0.0296875
0 0.29375 0.428125 0.03125 0.0296875
0 0.2140625 0.5109375 0.0265625 0.021875
0 0.2625 0.5625 0.025 0.0265625
0 0.6421875 0.6625 0.08125 0.078125
0 0.7109375 0.703125 0.0390625 0.0421875
0 0.7359375 0.5984375 0.0328125 0.03125
0 0.5015625 0.6296875 0.0328125 0.040625
0 0.590625 0.5046875 0.04375 0.040625
0 0.5546875 0.7640625 0.040625 0.0390625
0 0.5953125 0.3796875 0.084375 0.078125
0 0.5421875 0.5828125 0.0328125 0.0296875
0 0.6640625 0.55 0.0328125 0.03125
0 0.734375 0.55625 0.0328125 0.0296875
0 0.4515625 0.6984375 0.0265625 0.0296875
0 0.5875 0.6578125 0.0328125 0.0375
0 0.6703125 0.6171875 0.0265625 0.025
0 0.821875 0.503125 0.0296875 0.0296875
0 0.8 0.484375 0.0296875 0.0296875
0 0.715625 0.4515625 0.0296875 0.0296875
0 0.6875 0.49375 0.03125 0.034375
0 0.7 0.409375 0.025 0.025
0 0.70625 0.2703125 0.028125 0.0296875
0 0.521875 0.35625 0.0375 0.04375
0 0.640625 0.2875 0.0234375 0.0265625
0 0.6609375 0.303125 0.028125 0.028125
0 0.7765625 0.2765625 0.0359375 0.0375
0 0.671875 0.24375 0.0296875 0.025
0 0.709375 0.3828125 0.0265625 0.028125
0 0.759375 0.421875 0.0265625 0.025
0 0.7265625 0.39375 0.0296875 0.028125
0 0.7421875 0.4078125 0.025 0.028125
0 0.521875 0.4234375 0.028125 0.0296875
0 0.534375 0.453125 0.03125 0.0296875
0 0.5546875 0.4671875 0.03125 0.0328125
0 0.5671875 0.534375 0.025 0.021875
0 0.7359375 0.571875 0.034375 0.0265625
0 0.65 0.5328125 0.0265625 0.0234375
0 0.41875 0.528125 0.03125 0.0421875
0 0.1765625 0.615625 0.040625 0.034375
0 0.1296875 0.70625 0.028125 0.0265625
0 0.1484375 0.3578125 0.025 0.021875
0 0.15 0.334375 0.025 0.021875
0 0.1703125 0.284375 0.021875 0.01875
0 0.3578125 0.19375 0.025 0.021875