0 0.7484375 0.88125 0.046875 0.040625
0 0.7234375 0.8546875 0.04375 0.0421875
0 0.7203125 0.8078125 0.0375 0.0359375
0 0.6828125 0.8421875 0.0390625 0.0390625
0 0.621875 0.828125 0.034375 0.0359375
0 0.66875 0.775 0.04375 0.040625
0 0.8640625 0.7203125 0.0390625 0.040625
0 0.9390625 0.6125 0.0296875 0.03125
0 0.484375 0.925 0.04375 0.0453125
0 0.296875 0.884375 0.053125 0.0578125
0 0.2640625 0.8515625 0.0390625 0.040625
0 0.2015625 0.859375 0.04375 0.0453125
0 0.246875 0.8171875 0.0359375 0.0328125
0 0.2984375 0.7984375 0.0484375 0.0421875
0 0.265625 0.734375 0.0578125 0.0515625
0 0.2234375 0.7984375 0.0359375 0.0328125
0 0.1421875 0.71875 0.034375 0.034375
0 0.1578125 0.6828125 0.053125 0.0421875
0 0.409375 0.790625 0.05625 0.046875
0 0.0921875 0.65 0.0375 0.0390625
0 0.0796875 0.6078125 0.0328125 0.03125
0 0.0765625 0.6390625 0.0328125 0.0328125
0 0.071875 0.5828125 0.0328125 0.0296875
0 0.0875 0.4921875 0.0390625 0.0359375
0 0.365625 0.54375 0.053125 0.046875
0 0.3765625 0.509375 0.0453125 0.0421875
0 0.440625 0.5265625 0.0453125 0.0515625
0 0.1875 0.528125 0.040625 0.0390625
0 0.3046875 0.4578125 0.040625 0.040625
0 0.259375 0.4375 0.0296875 0.0296875
0 0.196875 0.3671875 0.0359375 0.034375
0 0.2578125 0.3640625 0.0390625 0.0375
0 0.2890625 0.334375 0.034375 0.0359375
0 0.3171875 0.378125 0.0375 0.0390625
0 0.24375 0.5171875 0.034375 0.0375
0 0.14375 0.5828125 0.040625 0.0375
0 0.096875 0.575 0.0296875 0.0265625
0 0.2109375 0.4484375 0.0359375 0.025
0 0.209375 0.475 0.0375 0.03125
0 0.3546875 0.6546875 0.078125 0.084375
0 0.346875 0.721875 0.0421875 0.0421875
0 0.3984375 0.703125 0.040625 0.040625
0 0.1734375 0.2578125 0.028125 0.0296875
0 0.190625 0.278125 0.0296875 0.028125
0 0.2328125 0.2265625 0.0328125 0.0265625
0 0.25625 0.209375 0.028125 0.0234375
0 0.2296875 0.203125 0.0296875 0.028125
0 0.303125 0.190625 0.0296875 0.0296875
0 0.3609375 0.2265625 0.0296875 0.028125
0 0.3390625 0.1859375 0.025 0.021875
0 0.428125 0.26875 0.03125 0.0359375
0 0.44375 0.2390625 0.0359375 0.0359375
0 0.4921875 0.246875 0.025 0.021875
0 0.4453125 0.196875 0.03125 0.0265625
0 0.4484375 0.165625 0.028125 0.025
0 0.45 0.1421875 0.028125 0.0265625
0 0.4890625 0.184375 0.03125 0.028125
0 0.51875 0.1796875 0.0296875 0.025
0 0.528125 0.203125 0.034375 0.034375
0 0.5484375 0.178125 0.0328125 0.028125
0 0.3640625 0.1734375 0.0296875 0.03125
0 0.4 0.1921875 0.053125 0.0546875
0 0.6203125 0.16875 0.053125 0.0515625
0 0.6296875 0.296875 0.0453125 0.05
0 0.646875 0.3984375 0.09375 0.0890625
0 0.5671875 0.3484375 0.0484375 0.0390625
0 0.7390625 0.6640625 0.04375 0.0421875
0 0.75 0.6265625 0.05625 0.0515625
0 0.61875 0.7171875 0.09375 0.0921875
0 0.6578125 0.671875 0.040625 0.0328125
0 0.6703125 0.596875 0.0375 0.040625
0 0.7109375 0.5390625 0.0375 0.0359375
0 0.75625 0.4953125 0.04375 0.040625
0 0.6078125 0.525 0.0484375 0.0421875
0 0.8921875 0.4609375 0.046875 0.0421875
0 0.878125 0.3109375 0.040625 0.0375
0 0.8015625 0.2921875 0.0359375 0.0359375
0 0.76875 0.2546875 0.0296875 0.0234375
0 0.75 0.4453125 0.034375 0.0359375
0 0.7765625 0.415625 0.034375 0.0328125
0 0.5078125 0.5203125 0.0359375 0.034375
0 0.4796875 0.521875 0.0296875 0.0296875
0 0.4734375 0.6421875 0.0375 0.0390625
0 0.5375 0.6578125 0.04375 0.040625
0 0.5546875 0.690625 0.034375 0.0390625
0 0.5390625 0.60625 0.0546875 0.04375
0 0.4890625 0.8015625 0.03125 0.03125
0 0.85625 0.58125 0.0375 0.040625
0 0.815625 0.478125 0.034375 0.03125
0 0.7984375 0.4375 0.028125 0.0265625
0 0.803125 0.45625 0.034375 0.03125
0 0.840625 0.553125 0.0375 0.0296875
0 0.3625 0.3421875 0.0921875 0.0875
0 0.5609375 0.45625 0.040625 0.034375
0 0.503125 0.78125 0.03125 0.028125
0 0.2921875 0.659375 0.0515625 0.0515625
0 0.14375 0.55 0.046875 0.0421875
0 0.415625 0.5125 0.0390625 0.0421875
0 0.7734375 0.278125 0.0265625 0.025
0 0.7421875 0.3140625 0.0265625 0.0265625
0 0.7265625 0.29375 0.028125 0.025
0 0.509375 0.2359375 0.025 0.021875
0 0.1953125 0.25 0.028125 0.0296875