0 0.4765625 0.928125 0.053125 0.0546875
0 0.68125 0.84375 0.0375 0.0328125
0 0.721875 0.8609375 0.046875 0.0390625
0 0.7515625 0.8828125 0.05 0.0421875
0 0.8671875 0.7203125 0.046875 0.0390625
0 0.7203125 0.80625 0.0375 0.0359375
0 0.61875 0.83125 0.04375 0.0421875
0 0.2828125 0.8875 0.0546875 0.05625
0 0.2546875 0.8515625 0.040625 0.04375
0 0.1921875 0.8625 0.0609375 0.053125
0 0.2359375 0.8203125 0.040625 0.0375
0 0.20625 0.796875 0.0359375 0.0390625
0 0.40625 0.79375 0.053125 0.046875
0 0.1296875 0.71875 0.04375 0.04375
0 0.065625 0.603125 0.034375 0.028125
0 0.75 0.628125 0.059375 0.0515625
0 0.94375 0.609375 0.04375 0.0421875
0 0.615625 0.7171875 0.0859375 0.090625
0 0.671875 0.7734375 0.0375 0.0328125
0 0.6609375 0.665625 0.0328125 0.0328125
0 0.6703125 0.590625 0.0296875 0.0265625
0 0.6046875 0.5203125 0.0453125 0.04375
0 0.5265625 0.6 0.034375 0.034375
0 0.39375 0.7046875 0.0421875 0.0390625
0 0.3390625 0.7265625 0.0515625 0.0453125
0 0.25625 0.74375 0.0515625 0.05
0 0.2890625 0.8015625 0.0453125 0.0421875
0 0.3421875 0.65625 0.1015625 0.0953125
0 0.1421875 0.6796875 0.0515625 0.046875
0 0.053125 0.5765625 0.028125 0.0234375
0 0.29375 0.4515625 0.0390625 0.040625
0 0.3609375 0.540625 0.0515625 0.0453125
0 0.428125 0.5234375 0.0640625 0.05
0 0.475 0.5171875 0.0390625 0.0375
0 0.5046875 0.51875 0.03125 0.03125
0 0.528125 0.6578125 0.040625 0.0359375
0 0.5453125 0.6921875 0.0390625 0.03125
0 0.7140625 0.53125 0.0453125 0.0421875
0 0.6609375 0.565625 0.028125 0.0265625
0 0.6484375 0.3875 0.0953125 0.0890625
0 0.5671875 0.5484375 0.0296875 0.03125
0 0.6265625 0.278125 0.0390625 0.0359375
0 0.2515625 0.353125 0.04375 0.04375
0 0.3015625 0.3671875 0.0359375 0.04375
0 0.353125 0.3359375 0.0859375 0.0796875
0 0.3390625 0.2890625 0.04375 0.034375
0 0.0734375 0.4859375 0.0375 0.0390625
0 0.2 0.4375 0.0359375 0.0296875
0 0.25 0.425 0.0359375 0.040625
0 0.3734375 0.5046875 0.0359375 0.0359375
0 0.4875 0.80625 0.0390625 0.040625
0 0.4734375 0.6390625 0.0359375 0.04375
0 0.128125 0.5765625 0.0390625 0.0359375
0 0.175 0.5171875 0.0296875 0.0359375
0 0.23125 0.509375 0.0296875 0.0359375
0 0.8984375 0.45625 0.0375 0.0390625
0 0.7578125 0.490625 0.0421875 0.04375
0 0.8828125 0.30625 0.0359375 0.0359375
0 0.8 0.2859375 0.0359375 0.0390625
0 0.7703125 0.24375 0.03125 0.028125
0 0.4953125 0.2296875 0.0375 0.0390625
0 0.6234375 0.153125 0.0515625 0.046875
0 0.1703125 0.24375 0.0609375 0.05625
0 0.21875 0.203125 0.0484375 0.0515625
0 0.35 0.2109375 0.0328125 0.034375
0 0.4203125 0.2515625 0.0375 0.034375
0 0.4375 0.225 0.0375 0.0390625
0 0.184375 0.353125 0.040625 0.040625
0 0.5453125 0.1625 0.040625 0.04375
0 0.2921875 0.175 0.0359375 0.0359375
0 0.396875 0.190625 0.040625 0.0359375
0 0.440625 0.184375 0.0328125 0.03125
0 0.4859375 0.1734375 0.034375 0.03125
0 0.44375 0.121875 0.0484375 0.0390625
0 0.446875 0.1578125 0.04375 0.0359375
0 0.859375 0.5765625 0.04375 0.040625
0 0.8453125 0.546875 0.040625 0.034375
0 0.78125 0.4125 0.040625 0.0328125
0 0.753125 0.440625 0.0421875 0.034375
0 0.8015625 0.434375 0.040625 0.03125
0 0.815625 0.4625 0.04375 0.0375
0 0.3328125 0.1671875 0.0390625 0.0359375
0 0.13125 0.54375 0.040625 0.0328125
0 0.0609375 0.634375 0.0328125 0.028125
0 0.0765625 0.65 0.0390625 0.0375