0 0.4984375 0.928125 0.040625 0.046875
0 0.3109375 0.8859375 0.0453125 0.0515625
0 0.28125 0.8515625 0.0421875 0.040625
0 0.221875 0.85625 0.0421875 0.040625
0 0.2390625 0.7984375 0.03125 0.03125
0 0.2609375 0.815625 0.034375 0.028125
0 0.15625 0.715625 0.0359375 0.0328125
0 0.109375 0.65 0.0390625 0.0359375
0 0.096875 0.6078125 0.0203125 0.021875
0 0.0890625 0.5796875 0.025 0.025
0 0.1125 0.571875 0.0265625 0.028125
0 0.159375 0.5765625 0.040625 0.0359375
0 0.1609375 0.5421875 0.034375 0.0265625
0 0.20625 0.5234375 0.03125 0.028125
0 0.109375 0.4921875 0.034375 0.0265625
0 0.228125 0.4796875 0.0359375 0.0328125
0 0.23125 0.446875 0.0390625 0.03125
0 0.278125 0.4390625 0.0359375 0.03125
0 0.31875 0.4609375 0.0453125 0.0390625
0 0.259375 0.515625 0.034375 0.0328125
0 0.1703125 0.68125 0.05 0.053125
0 0.2828125 0.7375 0.053125 0.0515625
0 0.3140625 0.796875 0.0484375 0.0484375
0 0.3625 0.725 0.04375 0.040625
0 0.41875 0.70625 0.040625 0.0421875
0 0.4265625 0.7875 0.0515625 0.059375
0 0.459375 0.7546875 0.0328125 0.03125
0 0.5078125 0.809375 0.03125 0.0375
0 0.5515625 0.6640625 0.0359375 0.03125
0 0.5734375 0.696875 0.0390625 0.0375
0 0.6328125 0.721875 0.090625 0.0890625
0 0.4921875 0.646875 0.04375 0.0375
0 0.55 0.6109375 0.0375 0.0328125
0 0.584375 0.5640625 0.03125 0.028125
0 0.61875 0.53125 0.0421875 0.04375
0 0.525 0.53125 0.0359375 0.034375
0 0.496875 0.5296875 0.025 0.0296875
0 0.3640625 0.65625 0.0734375 0.0796875
0 0.3125 0.65625 0.034375 0.0390625
0 0.384375 0.55 0.046875 0.040625
0 0.396875 0.5171875 0.0390625 0.0390625
0 0.4546875 0.5328125 0.05 0.053125
0 0.21875 0.3671875 0.0390625 0.0359375
0 0.278125 0.3640625 0.0390625 0.04375
0 0.3078125 0.3328125 0.0328125 0.03125
0 0.33125 0.38125 0.0296875 0.03125
0 0.38125 0.3484375 0.08125 0.0765625
0 0.3609375 0.303125 0.04375 0.0328125
0 0.3796875 0.2296875 0.0328125 0.0296875
0 0.446875 0.2734375 0.0328125 0.034375
0 0.45625 0.2421875 0.028125 0.028125
0 0.5140625 0.253125 0.0234375 0.0234375
0 0.1953125 0.2546875 0.03125 0.0328125
0 0.2125 0.25 0.0328125 0.03125
0 0.2109375 0.2796875 0.0265625 0.025
0 0.2546875 0.228125 0.0296875 0.0265625
0 0.2734375 0.2125 0.028125 0.0203125
0 0.30625 0.1796875 0.03125 0.028125
0 0.321875 0.19375 0.025 0.0265625
0 0.359375 0.1921875 0.028125 0.0234375
0 0.4234375 0.2109375 0.0359375 0.0296875
0 0.415625 0.190625 0.040625 0.03125
0 0.3890625 0.18125 0.03125 0.0265625
0 0.446875 0.1578125 0.028125 0.0234375
0 0.4625 0.1515625 0.025 0.0234375
0 0.46875 0.1796875 0.0390625 0.0328125
0 0.4640625 0.2125 0.034375 0.0328125
0 0.5078125 0.196875 0.03125 0.0296875
0 0.5359375 0.19375 0.0296875 0.025
0 0.565625 0.190625 0.0359375 0.0328125
0 0.5484375 0.2140625 0.03125 0.0234375
0 0.6359375 0.1859375 0.05 0.0484375
0 0.646875 0.30625 0.0359375 0.0375
0 0.5890625 0.3609375 0.0359375 0.0359375
0 0.6625 0.4015625 0.090625 0.0765625
0 0.78125 0.271875 0.03125 0.0265625
0 0.8140625 0.309375 0.0359375 0.03125
0 0.85 0.3 0.0328125 0.025
0 0.884375 0.33125 0.0375 0.0375
0 0.7375 0.309375 0.03125 0.025
0 0.7546875 0.3328125 0.025 0.03125
0 0.7890625 0.43125 0.0359375 0.03125
0 0.7640625 0.45625 0.0296875 0.025
0 0.80625 0.453125 0.0265625 0.021875
0 0.8265625 0.490625 0.025 0.025
0 0.9015625 0.4765625 0.0359375 0.0265625
0 0.8125 0.4703125 0.028125 0.0234375
0 0.7625 0.509375 0.0296875 0.0296875
0 0.678125 0.578125 0.0359375 0.0328125
0 0.684375 0.6046875 0.0328125 0.03125
0 0.721875 0.5453125 0.0359375 0.0328125
0 0.759375 0.634375 0.0484375 0.040625
0 0.7453125 0.678125 0.0390625 0.03125
0 0.875 0.734375 0.0359375 0.040625
0 0.9484375 0.6234375 0.0359375 0.0359375
0 0.8625 0.5921875 0.034375 0.0296875
0 0.8515625 0.5625 0.03125 0.0296875
0 0.825 0.55 0.03125 0.028125
0 0.734375 0.8140625 0.0359375 0.0359375
0 0.6953125 0.85 0.0328125 0.0296875
0 0.734375 0.8609375 0.0390625 0.0375
0 0.7625 0.8859375 0.03125 0.03125
0 0.6328125 0.8328125 0.0421875 0.0421875
0 0.6828125 0.778125 0.0390625 0.0328125
0 0.0921875 0.634375 0.03125 0.028125
0 0.434375 0.51875 0.04375 0.0453125
0 0.53125 0.2484375 0.025 0.025