0 0.171875 0.79375 0.040625 0.04375
0 0.3734375 0.8328125 0.0421875 0.040625
0 0.6484375 0.8671875 0.0328125 0.0296875
0 0.6421875 0.821875 0.0453125 0.0453125
0 0.6734375 0.7953125 0.034375 0.0328125
0 0.7109375 0.8015625 0.046875 0.046875
0 0.8140625 0.765625 0.034375 0.0359375
0 0.884375 0.675 0.0421875 0.0375
0 0.9046875 0.6546875 0.034375 0.0359375
0 0.8765625 0.65 0.03125 0.03125
0 0.8859375 0.575 0.04375 0.0453125
0 0.375 0.659375 0.040625 0.046875
0 0.4453125 0.68125 0.040625 0.0359375
0 0.4703125 0.7140625 0.040625 0.0359375
0 0.44375 0.7328125 0.040625 0.0421875
0 0.24375 0.725 0.040625 0.0390625
0 0.3078125 0.6953125 0.040625 0.0359375
0 0.35 0.603125 0.0390625 0.040625
0 0.409375 0.7359375 0.0375 0.0359375
0 0.10625 0.675 0.0515625 0.0453125
0 0.2375 0.6 0.0671875 0.059375
0 0.4 0.5078125 0.05625 0.053125
0 0.20625 0.4546875 0.084375 0.078125
0 0.05 0.503125 0.0359375 0.03125
0 0.0171875 0.5125 0.0328125 0.0359375
0 0.2078125 0.3015625 0.0453125 0.04375
0 0.425 0.4234375 0.0515625 0.053125
0 0.334375 0.421875 0.040625 0.0421875
0 0.5453125 0.5953125 0.09375 0.09375
0 0.325 0.54375 0.0421875 0.04375
0 0.2796875 0.4125 0.0515625 0.04375
0 0.071875 0.478125 0.0296875 0.0234375
0 0.0859375 0.5125 0.0546875 0.046875
0 0.4515625 0.359375 0.078125 0.0609375
0 0.471875 0.31875 0.0421875 0.0359375
0 0.55 0.278125 0.0453125 0.04375
0 0.5796875 0.2453125 0.046875 0.0421875
0 0.63125 0.296875 0.0390625 0.0390625
0 0.6921875 0.3453125 0.0640625 0.071875
0 0.34375 0.2796875 0.0765625 0.0796875
0 0.79375 0.5046875 0.0484375 0.04375
0 0.8828125 0.540625 0.0375 0.0328125
0 0.8828125 0.5046875 0.0359375 0.0328125
0 0.678125 0.60625 0.0265625 0.025
0 0.95625 0.4734375 0.034375 0.034375
0 0.9453125 0.4546875 0.0296875 0.025
0 0.9515625 0.403125 0.025 0.028125
0 0.80625 0.2046875 0.034375 0.0328125
0 0.6703125 0.2125 0.03125 0.034375
0 0.66875 0.2625 0.0421875 0.040625
0 0.696875 0.2828125 0.03125 0.028125
0 0.58125 0.2125 0.0359375 0.0359375
0 0.546875 0.20625 0.0375 0.040625
0 0.503125 0.23125 0.0359375 0.04375
0 0.5046875 0.1875 0.034375 0.034375
0 0.4890625 0.1546875 0.0328125 0.0328125
0 0.7671875 0.4234375 0.0328125 0.034375
0 0.8078125 0.4421875 0.0296875 0.0296875
0 0.86875 0.4578125 0.03125 0.03125
0 0.8171875 0.2234375 0.03125 0.03125
0 0.86875 0.28125 0.028125 0.0296875
0 0.9078125 0.30625 0.0234375 0.0234375
0 0.890625 0.325 0.0296875 0.028125
0 0.8953125 0.35625 0.0328125 0.03125
0 0.90625 0.390625 0.025 0.021875
0 0.915625 0.371875 0.021875 0.0203125
0 0.8671875 0.4203125 0.0265625 0.0265625
0 0.878125 0.4046875 0.0234375 0.0203125
0 0.9015625 0.4109375 0.025 0.01875
0 0.9 0.4265625 0.0296875 0.028125
0 0.8328125 0.371875 0.021875 0.0234375
0 0.921875 0.4796875 0.0265625 0.0234375
0 0.84375 0.546875 0.0359375 0.034375
0 0.625 0.5328125 0.040625 0.0359375
0 0.4546875 0.5015625 0.0296875 0.028125
0 0.4890625 0.490625 0.0359375 0.0328125
0 0.5171875 0.4859375 0.025 0.0296875
0 0.540625 0.4953125 0.0328125 0.0296875
0 0.0875 0.3203125 0.05 0.04375
0 0.234375 0.321875 0.03125 0.03125
0 0.2859375 0.3046875 0.0421875 0.0375
0 0.1828125 0.3625 0.0390625 0.034375
0 0.10625 0.4390625 0.0421875 0.0375
0 0.1359375 0.48125 0.0421875 0.04375
0 0.2265625 0.5078125 0.0421875 0.0328125
0 0.1703125 0.2140625 0.0484375 0.0484375
0 0.215625 0.1578125 0.046875 0.046875
0 0.2890625 0.2125 0.05 0.0453125
0 0.2078125 0.1984375 0.040625 0.0390625
0 0.2390625 0.2234375 0.0359375 0.0375
0 0.3640625 0.1546875 0.053125 0.0453125
0 0.4140625 0.1109375 0.0390625 0.034375
0 0.4796875 0.1265625 0.0296875 0.0328125
0 0.73125 0.3453125 0.0359375 0.0390625
0 0.85 0.2578125 0.0234375 0.0265625
0 0.2828125 0.725 0.0375 0.0359375
0 0.6953125 0.621875 0.03125 0.0296875
0 0.9140625 0.46875 0.0265625 0.025
0 0.6453125 0.3453125 0.04375 0.05
0 0.440625 0.30625 0.0421875 0.0390625
0 0.8703125 0.2515625 0.0234375 0.0234375