0 0.7234375 0.803125 0.0328125 0.034375
0 0.6578125 0.8703125 0.0453125 0.0421875
0 0.61875 0.884375 0.0390625 0.04375
0 0.546875 0.896875 0.040625 0.0421875
0 0.4921875 0.8109375 0.034375 0.040625
0 0.5 0.884375 0.0296875 0.034375
0 0.4859375 0.9015625 0.025 0.0296875
0 0.4390625 0.85 0.03125 0.03125
0 0.4234375 0.834375 0.0375 0.0390625
0 0.371875 0.8265625 0.0359375 0.03125
0 0.4359375 0.721875 0.034375 0.03125
0 0.3546875 0.90625 0.0265625 0.028125
0 0.325 0.90625 0.034375 0.025
0 0.3078125 0.821875 0.0296875 0.0328125
0 0.26875 0.80625 0.0421875 0.040625
0 0.228125 0.8015625 0.0359375 0.0390625
0 0.2765625 0.7703125 0.0296875 0.0265625
0 0.3265625 0.7265625 0.03125 0.03125
0 0.403125 0.759375 0.0390625 0.040625
0 0.1203125 0.7640625 0.034375 0.0375
0 0.1515625 0.765625 0.0328125 0.028125
0 0.1359375 0.790625 0.0390625 0.0359375
0 0.0640625 0.6796875 0.0375 0.0375
0 0.2234375 0.6046875 0.03125 0.03125
0 0.059375 0.5859375 0.0390625 0.0359375
0 0.0734375 0.5578125 0.0296875 0.0265625
0 0.0234375 0.525 0.0265625 0.0296875
0 0.05625 0.5296875 0.034375 0.03125
0 0.0125 0.475 0.025 0.0296875
0 0.134375 0.5625 0.0296875 0.028125
0 0.2890625 0.4875 0.10625 0.0828125
0 0.328125 0.5640625 0.0515625 0.0453125
0 0.39375 0.4828125 0.0421875 0.04375
0 0.4046875 0.45 0.0359375 0.0359375
0 0.1375 0.5296875 0.0390625 0.0359375
0 0.5484375 0.653125 0.090625 0.078125
0 0.546875 0.6984375 0.05625 0.0421875
0 0.6296875 0.6796875 0.0484375 0.0390625
0 0.665625 0.6625 0.05 0.040625
0 0.7359375 0.675 0.0421875 0.040625
0 0.65 0.5296875 0.046875 0.04375
0 0.6859375 0.5640625 0.04375 0.0421875
0 0.740625 0.56875 0.0421875 0.0390625
0 0.7765625 0.50625 0.0375 0.0421875
0 0.609375 0.6140625 0.05 0.0453125
0 0.8703125 0.5609375 0.0328125 0.03125
0 0.821875 0.4875 0.040625 0.0359375
0 0.878125 0.453125 0.028125 0.025
0 0.8265625 0.459375 0.0296875 0.021875
0 0.8671875 0.48125 0.0234375 0.025
0 0.8859375 0.4765625 0.0296875 0.028125
0 0.65625 0.346875 0.0640625 0.071875
0 0.7015625 0.35625 0.040625 0.0390625
0 0.7359375 0.309375 0.0359375 0.0359375
0 0.8296875 0.3796875 0.0390625 0.0359375
0 0.615625 0.4296875 0.040625 0.04375
0 0.596875 0.45625 0.0453125 0.05
0 0.5484375 0.428125 0.0515625 0.053125
0 0.55 0.3234375 0.0328125 0.028125
0 0.4953125 0.3390625 0.0359375 0.0328125
0 0.3953125 0.3796875 0.0421875 0.046875
0 0.48125 0.403125 0.034375 0.034375
0 0.503125 0.4125 0.028125 0.0296875
0 0.7421875 0.2171875 0.034375 0.03125
0 0.509375 0.2984375 0.0296875 0.03125
0 0.46875 0.2421875 0.065625 0.0609375
0 0.4234375 0.2578125 0.034375 0.0328125
0 0.3734375 0.3265625 0.0296875 0.025
0 0.33125 0.265625 0.0484375 0.0421875
0 0.3140625 0.3390625 0.040625 0.040625
0 0.2515625 0.35625 0.0375 0.03125
0 0.2234375 0.4 0.0359375 0.034375
0 0.1859375 0.41875 0.0390625 0.0359375
0 0.115625 0.34375 0.03125 0.03125
0 0.18125 0.221875 0.0375 0.040625
0 0.21875 0.290625 0.0296875 0.025
0 0.2234375 0.2671875 0.03125 0.028125
0 0.2875 0.1859375 0.0359375 0.0359375
0 0.7375 0.8359375 0.0359375 0.0375
0 0.453125 0.8875 0.0296875 0.03125
0 0.33125 0.8734375 0.028125 0.0296875
0 0.3484375 0.8640625 0.0390625 0.034375
0 0.3515625 0.84375 0.021875 0.021875
0 0.3625 0.859375 0.028125 0.028125
0 0.40625 0.8671875 0.0359375 0.034375
0 0.5078125 0.271875 0.0359375 0.03125
0 0.8890625 0.428125 0.0234375 0.021875
0 0.7125 0.8421875 0.0390625 0.0390625
0 0.4609375 0.9 0.028125 0.028125
0 0.421875 0.878125 0.0296875 0.028125
0 0.34375 0.721875 0.025 0.0265625
0 0.2421875 0.5921875 0.028125 0.0265625
0 0.546875 0.60625 0.05 0.0296875
0 0.3796875 0.3046875 0.021875 0.021875
0 0.8765625 0.4140625 0.0234375 0.0234375