0 0.71875 0.8265625 0.0328125 0.0296875
0 0.73125 0.85625 0.034375 0.0375
0 0.7078125 0.865625 0.0375 0.040625
0 0.653125 0.8890625 0.0390625 0.0390625
0 0.61875 0.9046875 0.0375 0.040625
0 0.5515625 0.915625 0.0375 0.0359375
0 0.5 0.83125 0.0390625 0.0375
0 0.5046875 0.9 0.03125 0.03125
0 0.490625 0.9203125 0.03125 0.03125
0 0.434375 0.85 0.0359375 0.034375
0 0.4421875 0.8703125 0.034375 0.025
0 0.36875 0.9203125 0.028125 0.0265625
0 0.340625 0.9203125 0.028125 0.0203125
0 0.3453125 0.8890625 0.021875 0.0234375
0 0.3578125 0.8828125 0.0296875 0.0328125
0 0.384375 0.8453125 0.028125 0.025
0 0.3609375 0.8609375 0.025 0.0203125
0 0.375 0.8734375 0.0265625 0.0234375
0 0.3234375 0.840625 0.0296875 0.03125
0 0.2875 0.825 0.0390625 0.0328125
0 0.290625 0.790625 0.028125 0.0234375
0 0.246875 0.8203125 0.0359375 0.0375
0 0.4140625 0.7796875 0.0296875 0.0359375
0 0.446875 0.7515625 0.03125 0.0296875
0 0.334375 0.7484375 0.0265625 0.028125
0 0.15 0.784375 0.0375 0.03125
0 0.1609375 0.8046875 0.034375 0.034375
0 0.175 0.784375 0.0296875 0.0265625
0 0.09375 0.7 0.03125 0.0265625
0 0.2546875 0.628125 0.04375 0.0453125
0 0.090625 0.615625 0.0421875 0.040625
0 0.1046875 0.5875 0.028125 0.025
0 0.09375 0.5625 0.034375 0.0328125
0 0.05625 0.5578125 0.03125 0.0296875
0 0.0484375 0.503125 0.03125 0.0328125
0 0.165625 0.5890625 0.0328125 0.0328125
0 0.3046875 0.525 0.096875 0.0890625
0 0.35 0.596875 0.040625 0.0359375
0 0.553125 0.684375 0.0875 0.0609375
0 0.55625 0.7265625 0.0640625 0.046875
0 0.6296875 0.70625 0.0421875 0.0375
0 0.6640625 0.6890625 0.0421875 0.040625
0 0.7296875 0.7046875 0.0421875 0.0390625
0 0.6140625 0.6421875 0.03125 0.03125
0 0.65 0.5671875 0.0421875 0.040625
0 0.6859375 0.6 0.0390625 0.034375
0 0.7359375 0.6078125 0.0421875 0.0421875
0 0.74375 0.575 0.0359375 0.0359375
0 0.721875 0.5328125 0.040625 0.034375
0 0.771875 0.5375 0.0390625 0.0328125
0 0.81875 0.528125 0.0375 0.034375
0 0.8203125 0.5015625 0.028125 0.0234375
0 0.8578125 0.5203125 0.03125 0.0296875
0 0.8625 0.5984375 0.04375 0.0390625
0 0.5578125 0.4703125 0.05 0.05
0 0.6015625 0.49375 0.0421875 0.0421875
0 0.61875 0.46875 0.0390625 0.0375
0 0.4109375 0.4203125 0.0484375 0.0453125
0 0.4515625 0.4078125 0.0296875 0.0296875
0 0.4046875 0.51875 0.0359375 0.0328125
0 0.5078125 0.3765625 0.034375 0.0296875
0 0.55625 0.3671875 0.0359375 0.034375
0 0.4796875 0.2953125 0.0703125 0.059375
0 0.390625 0.3734375 0.03125 0.0328125
0 0.3953125 0.35 0.0265625 0.025
0 0.353125 0.3109375 0.05 0.0515625
0 0.3765625 0.2953125 0.034375 0.0296875
0 0.3390625 0.384375 0.0375 0.0421875
0 0.278125 0.4 0.034375 0.0328125
0 0.496875 0.4484375 0.025 0.0265625
0 0.5140625 0.4546875 0.0296875 0.0296875
0 0.2109375 0.271875 0.034375 0.0328125
0 0.309375 0.234375 0.034375 0.0328125
0 0.2453125 0.3375 0.0296875 0.0296875
0 0.1484375 0.3875 0.0359375 0.034375
0 0.215625 0.4484375 0.0546875 0.0484375
0 0.6609375 0.3984375 0.0875 0.0703125
0 0.703125 0.4015625 0.0359375 0.0421875
0 0.740625 0.35625 0.0421875 0.04375
0 0.8171875 0.41875 0.04375 0.0390625
0 0.871875 0.4921875 0.03125 0.028125
0 0.8828125 0.51875 0.03125 0.028125
0 0.78125 0.33125 0.0296875 0.034375
0 0.8 0.2953125 0.0375 0.0359375
0 0.7203125 0.315625 0.0390625 0.0375
0 0.6359375 0.3453125 0.040625 0.034375
0 0.6765625 0.3484375 0.028125 0.0265625
0 0.4484375 0.1828125 0.028125 0.028125
0 0.4578125 0.2046875 0.0234375 0.0234375
0 0.440625 0.2296875 0.0265625 0.021875
0 0.5109375 0.2375 0.0234375 0.021875
0 0.478125 0.2203125 0.028125 0.0234375
0 0.6265625 0.2140625 0.0359375 0.0328125
0 0.5765625 0.2828125 0.0234375 0.0234375
0 0.6171875 0.315625 0.028125 0.025
0 0.64375 0.2984375 0.0359375 0.0328125
0 0.740625 0.26875 0.0328125 0.0328125
0 0.753125 0.290625 0.028125 0.0265625
0 0.7640625 0.309375 0.028125 0.0265625
0 0.8671875 0.45625 0.025 0.025
0 0.4578125 0.903125 0.028125 0.0265625
0 0.4140625 0.8859375 0.0296875 0.03125
0 0.4296875 0.896875 0.03125 0.03125
0 0.4671875 0.9171875 0.0265625 0.028125
0 0.359375 0.746875 0.0265625 0.03125
0 0.5546875 0.6421875 0.0515625 0.0359375
0 0.88125 0.46875 0.0265625 0.025
0 0.8328125 0.5109375 0.015625 0.0171875