0 0.465625 0.878125 0.0421875 0.040625
0 0.5703125 0.8640625 0.034375 0.0359375
0 0.5796875 0.890625 0.0390625 0.040625
0 0.609375 0.878125 0.0390625 0.0421875
0 0.646875 0.878125 0.0390625 0.0359375
0 0.6609375 0.8578125 0.05 0.0421875
0 0.546875 0.8140625 0.046875 0.0453125
0 0.696875 0.79375 0.05625 0.05625
0 0.7375 0.80625 0.0390625 0.0421875
0 0.1375 0.79375 0.0359375 0.0375
0 0.1671875 0.7796875 0.03125 0.03125
0 0.09375 0.728125 0.04375 0.0375
0 0.0625 0.7296875 0.0265625 0.025
0 0.075 0.6984375 0.0359375 0.028125
0 0.0578125 0.646875 0.0375 0.0359375
0 0.03125 0.6625 0.028125 0.0296875
0 0.0640625 0.60625 0.028125 0.03125
0 0.128125 0.5859375 0.0328125 0.0296875
0 0.1046875 0.534375 0.0328125 0.0296875
0 0.0859375 0.5515625 0.028125 0.028125
0 0.0734375 0.528125 0.0296875 0.025
0 0.0625 0.54375 0.0265625 0.0234375
0 0.0578125 0.5671875 0.0265625 0.025
0 0.0125 0.5484375 0.0234375 0.0265625
0 0.0296875 0.503125 0.0265625 0.025
0 0.021875 0.4796875 0.0265625 0.025
0 0.065625 0.4890625 0.0390625 0.0375
0 0.1015625 0.4953125 0.025 0.0203125
0 0.1609375 0.5015625 0.0265625 0.0234375
0 0.2015625 0.5234375 0.034375 0.0328125
0 0.1859375 0.44375 0.0328125 0.034375
0 0.1 0.45 0.0296875 0.034375
0 0.10625 0.4203125 0.0328125 0.025
0 0.1015625 0.3921875 0.0296875 0.028125
0 0.11875 0.315625 0.034375 0.025
0 0.1015625 0.33125 0.03125 0.028125
0 0.1203125 0.3328125 0.03125 0.028125
0 0.184375 0.253125 0.0296875 0.0296875
0 0.2859375 0.34375 0.034375 0.0359375
0 0.25625 0.225 0.03125 0.034375
0 0.2859375 0.228125 0.028125 0.028125
0 0.3109375 0.2109375 0.034375 0.0296875
0 0.2953125 0.2671875 0.034375 0.034375
0 0.325 0.2578125 0.03125 0.0265625
0 0.4 0.35 0.0890625 0.084375
0 0.3390625 0.4 0.034375 0.0375
0 0.4484375 0.2515625 0.034375 0.034375
0 0.4671875 0.275 0.0359375 0.034375
0 0.49375 0.234375 0.0375 0.0390625
0 0.496875 0.184375 0.0375 0.0390625
0 0.5203125 0.2765625 0.034375 0.0359375
0 0.5625 0.3171875 0.03125 0.03125
0 0.6421875 0.3078125 0.0421875 0.0390625
0 0.5890625 0.3578125 0.0234375 0.0265625
0 0.5359375 0.39375 0.0390625 0.040625
0 0.5375 0.4703125 0.03125 0.0265625
0 0.5328125 0.4890625 0.028125 0.028125
0 0.5296875 0.53125 0.0609375 0.0546875
0 0.4390625 0.65 0.04375 0.0453125
0 0.3390625 0.6375 0.028125 0.025
0 0.275 0.6671875 0.034375 0.0328125
0 0.3078125 0.6953125 0.0453125 0.0421875
0 0.3015625 0.76875 0.0375 0.0359375
0 0.4203125 0.7453125 0.0328125 0.0390625
0 0.45625 0.746875 0.040625 0.040625
0 0.515625 0.765625 0.034375 0.034375
0 0.5046875 0.7078125 0.0296875 0.028125
0 0.409375 0.6953125 0.04375 0.0453125
0 0.2875 0.590625 0.0640625 0.0765625
0 0.2390625 0.6046875 0.0375 0.046875
0 0.6625 0.6046875 0.0859375 0.08125
0 0.6703125 0.659375 0.0484375 0.0421875
0 0.71875 0.7359375 0.0421875 0.0484375
0 0.7484375 0.6796875 0.05 0.0453125
0 0.803125 0.6546875 0.040625 0.040625
0 0.8109375 0.7203125 0.0375 0.0390625
0 0.8265625 0.696875 0.03125 0.034375
0 0.8546875 0.68125 0.0328125 0.034375
0 0.8859375 0.659375 0.0375 0.0359375
0 0.86875 0.73125 0.0375 0.0375
0 0.9375 0.5609375 0.0296875 0.03125
0 0.9046875 0.5140625 0.0390625 0.0390625
0 0.721875 0.40625 0.065625 0.065625
0 0.7203125 0.246875 0.0328125 0.0390625
0 0.56875 0.2515625 0.034375 0.0328125
0 0.8578125 0.3265625 0.0265625 0.0265625
0 0.884375 0.3421875 0.0328125 0.034375
0 0.825 0.3734375 0.03125 0.028125
0 0.7359375 0.6109375 0.0296875 0.028125
0 0.6703125 0.459375 0.034375 0.0390625
0 0.7078125 0.45 0.028125 0.028125
0 0.61875 0.453125 0.0375 0.0390625
0 0.56875 0.425 0.0296875 0.0359375
0 0.678125 0.3140625 0.0328125 0.034375
0 0.79375 0.56875 0.046875 0.046875
0 0.8203125 0.41875 0.0390625 0.0359375
0 0.79375 0.4875 0.0625 0.0625
0 0.840625 0.3515625 0.0375 0.0359375
0 0.5140625 0.58125 0.0515625 0.05
0 0.121875 0.7734375 0.0421875 0.0390625
0 0.325 0.5796875 0.05625 0.0546875
0 0.55 0.5921875 0.0484375 0.0515625
0 0.58125 0.815625 0.0421875 0.04375
0 0.6140625 0.3546875 0.0234375 0.021875