0 0.403125 0.8796875 0.0421875 0.0359375
0 0.5796875 0.8796875 0.0421875 0.0375
0 0.68125 0.7640625 0.03125 0.0296875
0 0.7375 0.7671875 0.034375 0.03125
0 0.7734375 0.771875 0.0390625 0.0359375
0 0.8046875 0.784375 0.0296875 0.0296875
0 0.7609375 0.7296875 0.0328125 0.03125
0 0.8640625 0.63125 0.0375 0.034375
0 0.9015625 0.525 0.034375 0.0328125
0 0.740625 0.5765625 0.0453125 0.0421875
0 0.6828125 0.6328125 0.025 0.021875
0 0.65 0.6734375 0.0765625 0.0828125
0 0.7109375 0.7109375 0.0296875 0.0328125
0 0.221875 0.7703125 0.0421875 0.0375
0 0.23125 0.73125 0.0515625 0.04375
0 0.140625 0.684375 0.025 0.025
0 0.125 0.6609375 0.0265625 0.0234375
0 0.14375 0.65 0.028125 0.028125
0 0.1875 0.6484375 0.0328125 0.03125
0 0.11875 0.5765625 0.0296875 0.028125
0 0.21875 0.5859375 0.03125 0.028125
0 0.3453125 0.765625 0.05 0.046875
0 0.3875 0.8078125 0.0359375 0.0375
0 0.34375 0.834375 0.0296875 0.0328125
0 0.3671875 0.8609375 0.034375 0.0328125
0 0.315625 0.8265625 0.0328125 0.034375
0 0.484375 0.7796875 0.0609375 0.0578125
0 0.1921875 0.45 0.03125 0.0296875
0 0.25 0.4296875 0.0328125 0.0328125
0 0.271875 0.3984375 0.03125 0.0296875
0 0.3046875 0.4359375 0.0296875 0.0296875
0 0.3375 0.396875 0.0734375 0.071875
0 0.315625 0.365625 0.034375 0.03125
0 0.3828125 0.3203125 0.028125 0.0265625
0 0.3875 0.2921875 0.021875 0.025
0 0.4390625 0.2921875 0.0234375 0.021875
0 0.565625 0.3109375 0.0375 0.034375
0 0.6046875 0.3953125 0.078125 0.05625
0 0.3984375 0.671875 0.071875 0.0796875
0 0.35 0.690625 0.034375 0.0328125
0 0.415625 0.734375 0.04375 0.0390625
0 0.715625 0.284375 0.0328125 0.0296875
0 0.5328125 0.20625 0.0484375 0.0484375
0 0.165625 0.3421875 0.0296875 0.0296875
0 0.1921875 0.31875 0.034375 0.0265625
0 0.2125 0.2984375 0.025 0.0265625
0 0.228125 0.2625 0.025 0.025
0 0.2515625 0.271875 0.028125 0.03125
0 0.3140625 0.29375 0.0296875 0.028125
0 0.5953125 0.5125 0.04375 0.0375
0 0.5484375 0.59375 0.0375 0.03125
0 0.5671875 0.6375 0.0359375 0.034375
0 0.665625 0.5640625 0.03125 0.03125
0 0.6546875 0.5375 0.028125 0.028125
0 0.6953125 0.50625 0.034375 0.0296875
0 0.4484375 0.5421875 0.053125 0.0515625
0 0.39375 0.5390625 0.040625 0.0328125
0 0.390625 0.5734375 0.0390625 0.0375
0 0.309375 0.50625 0.0375 0.040625
0 0.2703125 0.56875 0.034375 0.0375
0 0.225 0.5140625 0.03125 0.0296875
0 0.2703125 0.4984375 0.0296875 0.0296875
0 0.5609375 0.771875 0.04375 0.040625
0 0.8265625 0.40625 0.0390625 0.0390625
0 0.8078125 0.4921875 0.03125 0.03125
0 0.7234375 0.4640625 0.0328125 0.0328125
0 0.678125 0.25625 0.034375 0.0234375
0 0.7890625 0.2890625 0.028125 0.03125
0 0.66875 0.3109375 0.0296875 0.0265625
0 0.70625 0.41875 0.0265625 0.025
0 0.71875 0.3953125 0.0234375 0.028125
0 0.7453125 0.4109375 0.028125 0.0296875
0 0.771875 0.43125 0.028125 0.0328125
0 0.571875 0.546875 0.0328125 0.0359375
0 0.5109375 0.5296875 0.03125 0.03125
0 0.2859375 0.265625 0.0265625 0.0296875
0 0.3109375 0.2515625 0.0265625 0.0234375
0 0.346875 0.26875 0.0265625 0.025
0 0.3828125 0.25625 0.03125 0.0234375
0 0.3796875 0.228125 0.028125 0.0234375
0 0.3578125 0.2171875 0.0234375 0.021875
0 0.3125 0.215625 0.0265625 0.0234375
0 0.4203125 0.2421875 0.021875 0.025
0 0.4453125 0.234375 0.0265625 0.0234375
0 0.4703125 0.2234375 0.0265625 0.025
0 0.7421875 0.265625 0.03125 0.0296875
0 0.1640625 0.36875 0.0265625 0.0234375
0 0.1609375 0.721875 0.0328125 0.0328125
0 0.1421875 0.709375 0.0265625 0.0265625
0 0.1875 0.621875 0.034375 0.0296875
0 0.1484375 0.3546875 0.025 0.025
0 0.371875 0.20625 0.0265625 0.025
0 0.4515625 0.2828125 0.0234375 0.021875
0 0.5296875 0.3671875 0.0296875 0.0296875