0 0.4625 0.5859375 0.0125 0.0140625
0 0.675 0.475 0.0109375 0.0140625
0 0.6859375 0.51875 0.0125 0.0125
0 0.6890625 0.4484375 0.009375 0.0109375
0 0.71875 0.4890625 0.0078125 0.0078125
0 0.7296875 0.5625 0.00625 0.009375
0 0.7390625 0.5828125 0.0109375 0.0109375
0 0.721875 0.6125 0.009375 0.009375
0 0.4015625 0.6671875 0.00625 0.0078125
0 0.390625 0.6734375 0.0078125 0.0078125
0 0.4140625 0.703125 0.009375 0.009375
0 0.4265625 0.703125 0.0109375 0.0109375
0 0.4046875 0.7171875 0.0078125 0.0078125
0 0.378125 0.7265625 0.0109375 0.009375
0 0.3890625 0.74375 0.009375 0.0078125
0 0.4015625 0.740625 0.0078125 0.0078125
0 0.384375 0.7703125 0.00625 0.00625
0 0.3640625 0.7390625 0.0078125 0.0078125
0 0.3390625 0.7515625 0.0078125 0.00625
0 0.325 0.7390625 0.0109375 0.009375
0 0.3609375 0.715625 0.009375 0.0078125
0 0.3578125 0.709375 0.0109375 0.009375
0 0.3515625 0.6984375 0.0078125 0.0078125
0 0.3515625 0.690625 0.0078125 0.0078125
0 0.3328125 0.7 0.009375 0.0109375
0 0.2984375 0.6703125 0.009375 0.0125
0 0.3359375 0.6671875 0.009375 0.0109375
0 0.34375 0.6609375 0.009375 0.0125
0 0.35 0.653125 0.009375 0.0109375
0 0.3625 0.6546875 0.0125 0.0140625
0 0.3578125 0.6421875 0.0109375 0.0109375
0 0.353125 0.646875 0.0109375 0.0109375
0 0.3828125 0.56875 0.009375 0.0109375
0 0.3578125 0.59375 0.0078125 0.0109375
0 0.3421875 0.5953125 0.009375 0.0109375
0 0.3390625 0.5828125 0.0078125 0.009375
0 0.3328125 0.559375 0.009375 0.0125
0 0.315625 0.5703125 0.0078125 0.009375
0 0.3234375 0.590625 0.009375 0.0125
0 0.3140625 0.6015625 0.009375 0.0109375
0 0.3 0.6171875 0.0109375 0.0109375
0 0.2953125 0.646875 0.0078125 0.0109375
0 0.275 0.628125 0.0078125 0.0078125
0 0.2546875 0.61875 0.009375 0.0109375
0 0.240625 0.6546875 0.00625 0.0078125
0 0.2375 0.659375 0.0078125 0.0078125
0 0.4640625 0.70625 0.0078125 0.009375
0 0.459375 0.7390625 0.0078125 0.0078125
0 0.478125 0.746875 0.0109375 0.009375
0 0.4875 0.7546875 0.009375 0.0109375
0 0.471875 0.765625 0.0125 0.009375
0 0.4671875 0.8015625 0.0046875 0.00625
0 0.459375 0.803125 0.0078125 0.0078125
0 0.4984375 0.8265625 0.00625 0.00625
0 0.509375 0.7828125 0.00625 0.00625
0 0.5078125 0.775 0.009375 0.009375
0 0.5359375 0.7484375 0.009375 0.0078125
0 0.5046875 0.7015625 0.0109375 0.0125
0 0.453125 0.6171875 0.0125 0.0140625
0 0.434375 0.6203125 0.0109375 0.0109375
0 0.4640625 0.634375 0.0078125 0.009375
0 0.4890625 0.60625 0.0125 0.0140625
0 0.515625 0.625 0.0109375 0.0125
0 0.5234375 0.65625 0.009375 0.0078125
0 0.290625 0.6 0.0078125 0.009375
0 0.290625 0.559375 0.00625 0.00625
0 0.2953125 0.54375 0.009375 0.009375
0 0.2546875 0.5546875 0.0109375 0.009375
0 0.3 0.471875 0.0109375 0.0109375
0 0.275 0.478125 0.0078125 0.009375
0 0.3421875 0.49375 0.0125 0.0109375
0 0.3546875 0.5171875 0.0109375 0.0125
0 0.565625 0.7703125 0.0109375 0.0109375
0 0.58125 0.765625 0.0078125 0.00625
0 0.58125 0.75625 0.0125 0.0078125
0 0.6140625 0.75 0.0109375 0.0078125
0 0.5953125 0.7125 0.0109375 0.0109375
0 0.5828125 0.7140625 0.009375 0.0109375
0 0.64375 0.7015625 0.009375 0.0078125
0 0.7015625 0.6828125 0.0125 0.0125
0 0.71875 0.6515625 0.0078125 0.009375
0 0.5703125 0.4046875 0.009375 0.0109375
0 0.5328125 0.3796875 0.0109375 0.0140625
0 0.496875 0.375 0.0109375 0.0125
0 0.5921875 0.31875 0.0078125 0.009375
0 0.58125 0.278125 0.009375 0.0078125
0 0.5359375 0.2625 0.0109375 0.009375
0 0.6984375 0.3578125 0.009375 0.0109375
0 0.721875 0.425 0.009375 0.009375
0 0.7015625 0.3125 0.009375 0.009375
0 0.7234375 0.3234375 0.0109375 0.0109375
0 0.40625 0.45 0.009375 0.009375
0 0.425 0.5 0.009375 0.0078125
0 0.4484375 0.546875 0.01875 0.0109375
0 0.4515625 0.5 0.01875 0.01875
0 0.2515625 0.484375 0.009375 0.009375
0 0.246875 0.490625 0.0109375 0.0109375
0 0.234375 0.4359375 0.009375 0.009375
0 0.2375 0.4203125 0.0078125 0.009375
0 0.28125 0.44375 0.00625 0.0078125
0 0.2921875 0.4359375 0.009375 0.009375
0 0.3 0.4265625 0.0109375 0.0109375
0 0.31875 0.4234375 0.0078125 0.009375
0 0.334375 0.4015625 0.0109375 0.009375
0 0.3375 0.371875 0.0109375 0.0109375
0 0.35 0.3453125 0.0078125 0.009375
0 0.3765625 0.3515625 0.0078125 0.0078125
0 0.396875 0.34375 0.009375 0.0109375
0 0.39375 0.3609375 0.0125 0.0109375
0 0.421875 0.346875 0.0078125 0.009375
0 0.4140625 0.3375 0.00625 0.0078125
0 0.434375 0.35 0.009375 0.0078125
0 0.4234375 0.3671875 0.0109375 0.009375
0 0.440625 0.3734375 0.0125 0.0125
0 0.465625 0.3578125 0.0109375 0.009375
0 0.4734375 0.3609375 0.009375 0.0078125
0 0.4703125 0.3671875 0.0125 0.009375
0 0.4515625 0.33125 0.009375 0.0078125
0 0.4359375 0.29375 0.0125 0.0125
0 0.36875 0.2546875 0.009375 0.009375
0 0.39375 0.2265625 0.0140625 0.009375
0 0.478125 0.2140625 0.0078125 0.0078125
0 0.5140625 0.2109375 0.009375 0.009375
0 0.46875 0.2625 0.0078125 0.0109375
0 0.3875 0.296875 0.0109375 0.0109375
0 0.31875 0.3046875 0.00625 0.0078125
0 0.3109375 0.303125 0.0125 0.0109375
0 0.24375 0.3390625 0.0109375 0.009375
0 0.7828125 0.4109375 0.0078125 0.0109375