0 0.3 0.365625 0.015625 0.01875
0 0.3171875 0.3359375 0.009375 0.0078125
0 0.33125 0.3328125 0.00625 0.0078125
0 0.371875 0.290625 0.00625 0.00625
0 0.35625 0.2796875 0.009375 0.009375
0 0.3984375 0.321875 0.009375 0.0078125
0 0.41875 0.346875 0.009375 0.009375
0 0.4078125 0.3671875 0.009375 0.0109375
0 0.4265625 0.3890625 0.009375 0.0078125
0 0.4390625 0.3953125 0.009375 0.009375
0 0.46875 0.3875 0.0078125 0.009375
0 0.4484375 0.36875 0.009375 0.009375
0 0.446875 0.3515625 0.0078125 0.0078125
0 0.4546875 0.3375 0.009375 0.009375
0 0.4359375 0.334375 0.0109375 0.009375
0 0.415625 0.446875 0.0109375 0.009375
0 0.303125 0.4 0.00625 0.0078125
0 0.28125 0.3984375 0.0078125 0.009375
0 0.2796875 0.434375 0.0140625 0.0140625
0 0.2390625 0.428125 0.0078125 0.009375
0 0.25625 0.490625 0.0046875 0.0046875
0 0.33125 0.4953125 0.0078125 0.009375
0 0.30625 0.525 0.009375 0.009375
0 0.278125 0.5296875 0.00625 0.00625
0 0.271875 0.5078125 0.00625 0.009375
0 0.278125 0.509375 0.00625 0.009375
0 0.2609375 0.5359375 0.0109375 0.009375
0 0.43125 0.5796875 0.009375 0.0109375
0 0.4109375 0.5984375 0.00625 0.009375
0 0.3046875 0.58125 0.0046875 0.00625
0 0.275 0.5796875 0.0078125 0.009375
0 0.3109375 0.6140625 0.0046875 0.0078125
0 0.303125 0.6375 0.0046875 0.00625
0 0.2859375 0.640625 0.00625 0.0078125
0 0.334375 0.6390625 0.0046875 0.0046875
0 0.2421875 0.5609375 0.00625 0.00625
0 0.4109375 0.259375 0.0078125 0.00625
0 0.4359375 0.271875 0.0078125 0.0109375
0 0.4359375 0.3078125 0.009375 0.009375
0 0.48125 0.2546875 0.0078125 0.009375
0 0.496875 0.259375 0.009375 0.009375
0 0.5203125 0.221875 0.0046875 0.0078125
0 0.53125 0.21875 0.0078125 0.009375
0 0.5375 0.2359375 0.0046875 0.0046875
0 0.528125 0.2390625 0.009375 0.0078125
0 0.53125 0.2765625 0.00625 0.0078125
0 0.5734375 0.275 0.009375 0.0109375
0 0.540625 0.3015625 0.009375 0.009375
0 0.5703125 0.315625 0.009375 0.009375
0 0.5890625 0.3125 0.009375 0.009375
0 0.525 0.3265625 0.009375 0.009375
0 0.5078125 0.325 0.009375 0.009375
0 0.5015625 0.3359375 0.009375 0.009375
0 0.503125 0.3453125 0.009375 0.009375
0 0.5265625 0.35 0.0078125 0.009375
0 0.515625 0.3625 0.009375 0.009375
0 0.5578125 0.359375 0.009375 0.009375
0 0.4609375 0.221875 0.009375 0.009375
0 0.440625 0.21875 0.0078125 0.0078125
0 0.5296875 0.4203125 0.009375 0.009375
0 0.4015625 0.6578125 0.00625 0.0078125
0 0.3640625 0.6609375 0.00625 0.0078125
0 0.3546875 0.659375 0.0046875 0.00625
0 0.3578125 0.65625 0.00625 0.0078125
0 0.3671875 0.671875 0.0078125 0.009375
0 0.3546875 0.7046875 0.0078125 0.009375
0 0.3953125 0.703125 0.0078125 0.009375
0 0.453125 0.70625 0.0046875 0.0046875
0 0.4734375 0.6203125 0.0078125 0.009375
0 0.4796875 0.621875 0.0078125 0.0078125
0 0.5125 0.6015625 0.0078125 0.009375
0 0.521875 0.596875 0.0078125 0.0078125
0 0.5875 0.578125 0.009375 0.009375
0 0.6109375 0.471875 0.009375 0.009375
0 0.6109375 0.384375 0.0078125 0.0078125
0 0.4984375 0.734375 0.00625 0.00625
0 0.5203125 0.709375 0.0046875 0.0046875
0 0.50625 0.7015625 0.009375 0.009375
0 0.4984375 0.690625 0.009375 0.0078125
0 0.49375 0.671875 0.009375 0.009375
0 0.5109375 0.6578125 0.009375 0.0078125
0 0.55625 0.7171875 0.0078125 0.0078125
0 0.5875 0.721875 0.00625 0.00625
0 0.59375 0.7078125 0.0078125 0.0078125
0 0.5984375 0.7015625 0.0078125 0.0078125
0 0.5875 0.696875 0.0078125 0.0078125
0 0.5875 0.6890625 0.0078125 0.0078125
0 0.596875 0.690625 0.0078125 0.0078125
0 0.6546875 0.66875 0.0109375 0.0109375
0 0.6609375 0.6625 0.0078125 0.009375
0 0.675 0.6703125 0.0046875 0.00625
0 0.6765625 0.6546875 0.0140625 0.0140625
0 0.6765625 0.621875 0.009375 0.0078125
0 0.6578125 0.60625 0.0046875 0.00625
0 0.696875 0.5984375 0.00625 0.00625
0 0.6796875 0.5734375 0.0078125 0.0078125
0 0.6875 0.56875 0.0078125 0.0078125
0 0.6578125 0.546875 0.00625 0.00625
0 0.709375 0.6203125 0.0046875 0.00625
0 0.7375 0.5953125 0.0078125 0.0078125
0 0.7234375 0.5609375 0.0078125 0.00625
0 0.73125 0.553125 0.0109375 0.009375
0 0.678125 0.525 0.009375 0.009375
0 0.7078125 0.53125 0.0078125 0.00625
0 0.7 0.5109375 0.0046875 0.0046875
0 0.6828125 0.5 0.0046875 0.00625
0 0.6953125 0.4828125 0.0046875 0.0078125
0 0.6765625 0.46875 0.0046875 0.0046875
0 0.665625 0.4421875 0.009375 0.009375
0 0.640625 0.3890625 0.0125 0.0125
0 0.65625 0.3703125 0.00625 0.00625
0 0.6921875 0.43125 0.0109375 0.009375
0 0.70625 0.440625 0.0078125 0.009375
0 0.7234375 0.44375 0.0078125 0.009375
0 0.7296875 0.446875 0.0078125 0.009375
0 0.7515625 0.446875 0.0078125 0.0078125
0 0.75625 0.4640625 0.003125 0.0046875
0 0.75625 0.496875 0.00625 0.00625
0 0.7546875 0.50625 0.0078125 0.0078125
0 0.7578125 0.5109375 0.00625 0.00625
0 0.778125 0.5484375 0.0078125 0.0078125
0 0.7234375 0.325 0.00625 0.0078125
0 0.7203125 0.3328125 0.0078125 0.009375
0 0.725 0.3765625 0.00625 0.00625
0 0.7765625 0.409375 0.003125 0.0046875
0 0.678125 0.29375 0.0078125 0.009375
0 0.665625 0.2984375 0.0078125 0.009375
0 0.6421875 0.2765625 0.0078125 0.0078125
0 0.684375 0.275 0.009375 0.0109375
0 0.515625 0.190625 0.0078125 0.009375
0 0.446875 0.1984375 0.0078125 0.00625
0 0.45 0.19375 0.00625 0.003125
0 0.471875 0.1921875 0.00625 0.00625
0 0.4609375 0.1921875 0.0046875 0.003125
0 0.4578125 0.196875 0.0078125 0.00625
0 0.434375 0.2015625 0.00625 0.00625
0 0.5765625 0.1953125 0.0078125 0.0046875
0 0.628125 0.2140625 0.00625 0.00625