0 0.509375 0.7078125 0.0078125 0.0109375
0 0.4875 0.69375 0.0140625 0.015625
0 0.4546875 0.7515625 0.015625 0.0171875
0 0.4109375 0.7734375 0.009375 0.0109375
0 0.3609375 0.6734375 0.0171875 0.0171875
0 0.621875 0.6921875 0.0078125 0.0078125
0 0.640625 0.646875 0.0125 0.0140625
0 0.4125 0.8953125 0.009375 0.0109375
0 0.41875 0.528125 0.0109375 0.009375
0 0.4203125 0.4375 0.009375 0.009375
0 0.4 0.4375 0.009375 0.009375
0 0.4234375 0.48125 0.0171875 0.015625
0 0.3328125 0.5078125 0.0171875 0.0171875
0 0.4984375 0.4703125 0.0140625 0.0171875
0 0.5546875 0.425 0.015625 0.015625
0 0.609375 0.490625 0.009375 0.0109375
0 0.6484375 0.4484375 0.015625 0.0140625
0 0.5359375 0.359375 0.0140625 0.0140625
0 0.5890625 0.340625 0.0109375 0.0125
0 0.6109375 0.325 0.009375 0.0109375
0 0.5296875 0.321875 0.0140625 0.015625
0 0.4921875 0.3109375 0.0140625 0.015625
0 0.4921875 0.3296875 0.0140625 0.0140625
0 0.409375 0.35625 0.015625 0.0171875
0 0.3875 0.3296875 0.0140625 0.0140625
0 0.334375 0.3265625 0.0140625 0.0140625
0 0.3265625 0.303125 0.01875 0.01875
0 0.6953125 0.496875 0.0140625 0.015625
0 0.6890625 0.55 0.0140625 0.0140625
0 0.753125 0.6 0.015625 0.015625
0 0.1734375 0.7875 0.0125 0.015625
0 0.1359375 0.709375 0.0171875 0.0171875
0 0.1015625 0.621875 0.0171875 0.0171875
0 0.13125 0.6109375 0.015625 0.0140625
0 0.1671875 0.628125 0.0171875 0.015625
0 0.278125 0.56875 0.01875 0.0171875
0 0.2625 0.546875 0.015625 0.015625
0 0.2015625 0.4828125 0.0140625 0.0140625
0 0.1953125 0.475 0.0140625 0.0140625
0 0.18125 0.4734375 0.0171875 0.0171875
0 0.090625 0.5359375 0.009375 0.015625
0 0.2484375 0.4265625 0.0171875 0.0171875
0 0.275 0.43125 0.015625 0.015625
0 0.2984375 0.4 0.0171875 0.0171875
0 0.7140625 0.496875 0.003125 0.003125
0 0.753125 0.43125 0.0125 0.01875
0 0.4921875 0.2296875 0.0203125 0.0125