0 0.484375 0.4921875 0.0140625 0.0140625
0 0.3921875 0.475 0.0203125 0.021875
0 0.2578125 0.45625 0.015625 0.015625
0 0.3296875 0.3984375 0.0171875 0.015625
0 0.3 0.39375 0.01875 0.01875
0 0.4609375 0.396875 0.0125 0.0125
0 0.48125 0.39375 0.009375 0.0109375
0 0.565625 0.4265625 0.01875 0.0234375
0 0.4875 0.4421875 0.021875 0.021875
0 0.6890625 0.4421875 0.0125 0.0125
0 0.6265625 0.3734375 0.01875 0.01875
0 0.465625 0.3078125 0.0203125 0.0203125
0 0.440625 0.28125 0.0171875 0.01875
0 0.603125 0.303125 0.0171875 0.0171875
0 0.553125 0.253125 0.01875 0.0171875
0 0.553125 0.2734375 0.0171875 0.0171875
0 0.5953125 0.2625 0.01875 0.01875
0 0.659375 0.2796875 0.015625 0.015625
0 0.684375 0.2609375 0.0125 0.0125
0 0.384375 0.28125 0.015625 0.015625
0 0.375 0.25625 0.0203125 0.0203125
0 0.5515625 0.1640625 0.0171875 0.015625
0 0.73125 0.39375 0.0171875 0.01875
0 0.778125 0.5015625 0.01875 0.0171875
0 0.7265625 0.6078125 0.0171875 0.0171875
0 0.7078125 0.65625 0.0109375 0.009375
0 0.565625 0.6609375 0.01875 0.0171875
0 0.5875 0.6765625 0.0109375 0.0109375
0 0.340625 0.540625 0.0203125 0.0203125
0 0.43125 0.6453125 0.01875 0.0203125
0 0.3234375 0.5171875 0.01875 0.01875
0 0.2296875 0.6078125 0.01875 0.01875
0 0.2484375 0.446875 0.0140625 0.0171875
0 0.234375 0.446875 0.0171875 0.01875
0 0.35 0.3640625 0.01875 0.01875
0 0.146875 0.5171875 0.009375 0.0171875
0 0.1921875 0.590625 0.0171875 0.015625
0 0.1640625 0.603125 0.0171875 0.0171875
0 0.203125 0.690625 0.01875 0.0203125
0 0.49375 0.8703125 0.0109375 0.0109375
0 0.5890625 0.796875 0.01875 0.01875
0 0.5328125 0.721875 0.01875 0.01875
0 0.4875 0.746875 0.0109375 0.0125
0 0.784375 0.44375 0.01875 0.0171875
0 0.85 0.5515625 0.0171875 0.0171875
0 0.8453125 0.3703125 0.0109375 0.0203125
0 0.1421875 0.6078125 0.0125 0.021875
0 0.246875 0.765625 0.0140625 0.015625