0 0.5234375 0.3921875 0.0125 0.0125
0 0.528125 0.4234375 0.0109375 0.0109375
0 0.5125 0.43125 0.0140625 0.0109375
0 0.54375 0.465625 0.0046875 0.00625
0 0.5375 0.46875 0.0109375 0.0078125
0 0.5265625 0.50625 0.0109375 0.0109375
0 0.584375 0.2390625 0.0109375 0.0109375
0 0.5890625 0.284375 0.0078125 0.0078125
0 0.5984375 0.2921875 0.0078125 0.0109375
0 0.590625 0.2921875 0.0078125 0.0078125
0 0.5734375 0.3078125 0.0125 0.009375
0 0.5375 0.290625 0.00625 0.00625
0 0.509375 0.271875 0.009375 0.009375
0 0.4765625 0.2734375 0.00625 0.00625
0 0.490625 0.2328125 0.00625 0.0078125
0 0.5125 0.228125 0.00625 0.00625
0 0.5171875 0.2140625 0.009375 0.009375
0 0.5421875 0.2328125 0.0109375 0.0109375
0 0.540625 0.246875 0.0109375 0.009375
0 0.525 0.25 0.009375 0.0125
0 0.5046875 0.246875 0.009375 0.0109375
0 0.453125 0.2515625 0.0109375 0.0109375
0 0.4421875 0.2484375 0.0109375 0.0109375
0 0.4375 0.2359375 0.0109375 0.0125
0 0.453125 0.21875 0.0109375 0.009375
0 0.4546875 0.209375 0.009375 0.0109375
0 0.465625 0.203125 0.0109375 0.0125
0 0.4171875 0.2375 0.00625 0.0078125
0 0.4046875 0.253125 0.0109375 0.0109375
0 0.3734375 0.275 0.0109375 0.0109375
0 0.375 0.290625 0.0109375 0.0109375
0 0.35 0.271875 0.0109375 0.0109375
0 0.35625 0.2921875 0.0109375 0.0109375
0 0.3953125 0.321875 0.00625 0.00625
0 0.3359375 0.3015625 0.0109375 0.009375
0 0.31875 0.2859375 0.0109375 0.0109375
0 0.309375 0.2671875 0.0125 0.0125
0 0.3390625 0.3453125 0.0078125 0.0078125
0 0.2953125 0.3375 0.0125 0.0109375
0 0.2859375 0.321875 0.0125 0.0109375
0 0.309375 0.3609375 0.0125 0.0140625
0 0.325 0.4 0.0109375 0.009375
0 0.3390625 0.3921875 0.0125 0.0109375
0 0.2828125 0.375 0.0109375 0.0125
0 0.26875 0.35625 0.0109375 0.009375
0 0.2828125 0.346875 0.0046875 0.0046875
0 0.275 0.3390625 0.01875 0.015625
0 0.265625 0.3484375 0.00625 0.0078125
0 0.196875 0.4359375 0.0078125 0.00625
0 0.3390625 0.4734375 0.0125 0.0140625
0 0.315625 0.490625 0.0125 0.0125
0 0.403125 0.4671875 0.0109375 0.0125
0 0.4125 0.4515625 0.0125 0.0109375
0 0.3015625 0.234375 0.0125 0.0109375
0 0.6171875 0.25625 0.0109375 0.0125
0 0.63125 0.271875 0.00625 0.0078125
0 0.621875 0.265625 0.009375 0.0109375
0 0.6234375 0.2875 0.00625 0.0078125
0 0.63125 0.29375 0.00625 0.0078125
0 0.61875 0.3046875 0.009375 0.0109375
0 0.6078125 0.3140625 0.009375 0.0109375
0 0.621875 0.325 0.009375 0.009375
0 0.6640625 0.25625 0.0125 0.0109375
0 0.696875 0.2921875 0.0078125 0.009375
0 0.70625 0.3234375 0.00625 0.00625
0 0.6875 0.3359375 0.0078125 0.009375
0 0.68125 0.328125 0.009375 0.0078125
0 0.6625 0.3203125 0.0109375 0.009375
0 0.6546875 0.3296875 0.009375 0.0109375
0 0.6703125 0.3375 0.0109375 0.0109375
0 0.6640625 0.346875 0.0109375 0.009375
0 0.7234375 0.3703125 0.009375 0.009375
0 0.73125 0.3765625 0.00625 0.00625
0 0.6828125 0.446875 0.0109375 0.0109375
0 0.7234375 0.45625 0.009375 0.0109375
0 0.7265625 0.471875 0.0046875 0.0046875
0 0.7328125 0.471875 0.00625 0.009375
0 0.746875 0.446875 0.0078125 0.009375
0 0.75625 0.4375 0.009375 0.009375
0 0.7640625 0.41875 0.0046875 0.0078125
0 0.76875 0.425 0.0109375 0.009375
0 0.76875 0.3890625 0.009375 0.009375
0 0.7609375 0.3765625 0.009375 0.0109375
0 0.7625 0.4109375 0.00625 0.0078125
0 0.7734375 0.40625 0.0078125 0.009375
0 0.784375 0.415625 0.0109375 0.0109375
0 0.7328125 0.503125 0.00625 0.00625
0 0.7296875 0.528125 0.009375 0.0109375
0 0.715625 0.5546875 0.00625 0.0078125
0 0.7390625 0.5765625 0.009375 0.0109375
0 0.775 0.5859375 0.00625 0.00625
0 0.771875 0.590625 0.00625 0.00625
0 0.7328125 0.5984375 0.0046875 0.00625
0 0.734375 0.60625 0.0109375 0.0109375
0 0.6390625 0.6125 0.009375 0.0125
0 0.6359375 0.61875 0.0078125 0.009375
0 0.6671875 0.6296875 0.00625 0.00625
0 0.5546875 0.6359375 0.0078125 0.00625
0 0.515625 0.615625 0.0109375 0.0125
0 0.4765625 0.596875 0.0109375 0.0109375
0 0.4515625 0.559375 0.0109375 0.0109375
0 0.4671875 0.6125 0.0125 0.0125
0 0.49375 0.6390625 0.0109375 0.0125
0 0.4828125 0.65 0.0125 0.0140625
0 0.49375 0.6671875 0.0109375 0.009375
0 0.478125 0.6671875 0.00625 0.0078125
0 0.509375 0.6796875 0.0125 0.0125
0 0.5015625 0.6890625 0.0109375 0.0125
0 0.5 0.6984375 0.0109375 0.0125
0 0.528125 0.7015625 0.00625 0.00625
0 0.5921875 0.7140625 0.0125 0.0109375
0 0.5609375 0.7296875 0.0109375 0.0109375
0 0.5625 0.75 0.009375 0.0125
0 0.5609375 0.765625 0.009375 0.0125
0 0.5890625 0.759375 0.0078125 0.00625
0 0.4984375 0.7265625 0.0109375 0.009375
0 0.453125 0.70625 0.00625 0.00625
0 0.484375 0.728125 0.009375 0.0109375
0 0.4875 0.7375 0.0046875 0.00625
0 0.4671875 0.7421875 0.0109375 0.0125
0 0.3203125 0.6328125 0.0078125 0.0078125
0 0.2984375 0.6328125 0.0046875 0.00625
0 0.2890625 0.6296875 0.009375 0.009375
0 0.309375 0.559375 0.0125 0.0125
0 0.33125 0.6421875 0.009375 0.009375
0 0.3109375 0.6625 0.0125 0.009375
0 0.3703125 0.6875 0.009375 0.0125
0 0.38125 0.6859375 0.0109375 0.009375
0 0.38125 0.6984375 0.0125 0.0125
0 0.3875 0.703125 0.0078125 0.0078125
0 0.39375 0.7046875 0.009375 0.0078125
0 0.3953125 0.7109375 0.0046875 0.0046875
0 0.615625 0.640625 0.009375 0.0109375
0 0.621875 0.6453125 0.0109375 0.0109375
0 0.6671875 0.653125 0.0078125 0.0109375
0 0.646875 0.6703125 0.0078125 0.009375
0 0.65 0.7 0.0078125 0.009375
0 0.7046875 0.66875 0.0046875 0.00625
0 0.734375 0.6578125 0.0078125 0.0078125
0 0.74375 0.64375 0.009375 0.0125
0 0.7078125 0.6875 0.009375 0.009375
0 0.709375 0.721875 0.0078125 0.009375
0 0.7 0.7296875 0.0078125 0.0109375
0 0.6625 0.73125 0.0125 0.0125
0 0.7 0.7453125 0.0046875 0.0078125
0 0.70625 0.7453125 0.009375 0.0125
0 0.6046875 0.2265625 0.0046875 0.003125
0 0.25625 0.384375 0.0125 0.0125
0 0.2515625 0.3890625 0.0125 0.0109375
0 0.265625 0.4203125 0.0109375 0.0140625
0 0.2703125 0.421875 0.00625 0.009375
0 0.2140625 0.4546875 0.0171875 0.015625
0 0.2453125 0.5015625 0.009375 0.0109375
0 0.2421875 0.509375 0.009375 0.0140625
0 0.2328125 0.5328125 0.0125 0.0125
0 0.24375 0.5796875 0.009375 0.0109375
0 0.2515625 0.5796875 0.009375 0.0109375
0 0.2578125 0.603125 0.0109375 0.0140625
0 0.271875 0.621875 0.0109375 0.0140625
0 0.2703125 0.6921875 0.0109375 0.0125
0 0.2703125 0.7390625 0.0109375 0.0109375
0 0.3265625 0.7203125 0.0109375 0.0125
0 0.3421875 0.7359375 0.0125 0.0125
0 0.3671875 0.7265625 0.0046875 0.0046875
0 0.3875 0.728125 0.0109375 0.0109375
0 0.378125 0.7375 0.009375 0.0125
0 0.36875 0.7421875 0.0109375 0.0140625
0 0.3765625 0.7703125 0.0109375 0.009375
0 0.3875 0.7765625 0.0109375 0.0125
0 0.409375 0.821875 0.009375 0.0078125
0 0.3921875 0.8296875 0.009375 0.0109375
0 0.4078125 0.8296875 0.009375 0.009375
0 0.4890625 0.7921875 0.0109375 0.0109375
0 0.44375 0.7578125 0.0046875 0.00625
0 0.4421875 0.7515625 0.009375 0.0109375
0 0.4375 0.740625 0.009375 0.0109375
0 0.4234375 0.73125 0.0109375 0.0140625
0 0.415625 0.73125 0.009375 0.0125
0 0.409375 0.74375 0.009375 0.0109375
0 0.4171875 0.75 0.00625 0.0078125
0 0.4296875 0.7734375 0.003125 0.00625
0 0.43125 0.7796875 0.0109375 0.009375
0 0.503125 0.7671875 0.009375 0.0109375
0 0.528125 0.7640625 0.009375 0.0125
0 0.5125 0.775 0.0109375 0.0125
0 0.5296875 0.790625 0.0109375 0.009375
0 0.5359375 0.8125 0.00625 0.00625
0 0.596875 0.828125 0.0109375 0.0109375
0 0.5984375 0.7984375 0.0109375 0.0109375
0 0.6109375 0.7890625 0.00625 0.00625
0 0.6140625 0.79375 0.009375 0.0109375
0 0.1890625 0.36875 0.00625 0.00625
0 0.728125 0.765625 0.0109375 0.0109375
0 0.8078125 0.659375 0.00625 0.0078125
0 0.8109375 0.6671875 0.0078125 0.0078125
0 0.8359375 0.609375 0.0109375 0.0140625
0 0.49375 0.1625 0.0171875 0.0125
0 0.4546875 0.846875 0.0109375 0.0109375
0 0.65 0.825 0.0078125 0.00625
0 0.6 0.184375 0.009375 0.0140625
0 0.8578125 0.478125 0.0078125 0.0109375