0 0.55 0.5578125 0.028125 0.03125
0 0.7296875 0.528125 0.028125 0.03125
0 0.79375 0.4609375 0.0109375 0.0109375
0 0.79375 0.446875 0.021875 0.0171875
0 0.7953125 0.428125 0.021875 0.021875
0 0.44375 0.6375 0.0265625 0.0296875
0 0.303125 0.6546875 0.028125 0.0265625
0 0.2609375 0.5390625 0.028125 0.0296875
0 0.115625 0.6515625 0.0234375 0.021875
0 0.325 0.48125 0.0171875 0.0171875
0 0.25 0.40625 0.015625 0.015625
0 0.459375 0.240625 0.028125 0.0296875
0 0.43125 0.190625 0.0296875 0.0296875
0 0.3046875 0.159375 0.0203125 0.0234375
0 0.1921875 0.23125 0.025 0.0265625
0 0.065625 0.4078125 0.028125 0.0234375
0 0.7 0.1890625 0.01875 0.01875
0 0.5921875 0.7796875 0.028125 0.028125