0 0.565625 0.4 0.0203125 0.021875
0 0.3875 0.459375 0.0203125 0.015625
0 0.4953125 0.5 0.0078125 0.0078125
0 0.3703125 0.61875 0.0234375 0.025
0 0.4953125 0.609375 0.0234375 0.0265625
0 0.5359375 0.6125 0.021875 0.0234375
0 0.5671875 0.6359375 0.021875 0.021875
0 0.6765625 0.534375 0.0203125 0.025
0 0.734375 0.59375 0.01875 0.01875
0 0.80625 0.434375 0.0171875 0.021875
0 0.7140625 0.353125 0.0203125 0.01875
0 0.74375 0.34375 0.0125 0.015625
0 0.696875 0.3 0.0203125 0.021875
0 0.5265625 0.3234375 0.021875 0.021875
0 0.3171875 0.36875 0.021875 0.0234375
0 0.521875 0.2484375 0.01875 0.015625
0 0.4703125 0.21875 0.0109375 0.0125
0 0.559375 0.190625 0.0109375 0.0125
0 0.6453125 0.2171875 0.0171875 0.0140625
0 0.6859375 0.2796875 0.0109375 0.0109375
0 0.471875 0.125 0.0203125 0.0171875
0 0.6421875 0.6921875 0.0203125 0.0203125
0 0.7 0.70625 0.0171875 0.01875
0 0.3828125 0.728125 0.01875 0.0203125
0 0.28125 0.7390625 0.0203125 0.0171875
0 0.240625 0.73125 0.0171875 0.01875
0 0.4640625 0.8375 0.0125 0.0109375