0 0.465625 0.015625 0.01875 0.0203125
0 0.4640625 0.0671875 0.0265625 0.0234375
0 0.5234375 0.06875 0.028125 0.0234375
0 0.3203125 0.2359375 0.0234375 0.021875
0 0.265625 0.2453125 0.021875 0.021875
0 0.2515625 0.234375 0.025 0.025
0 0.2890625 0.26875 0.0265625 0.025
0 0.4015625 0.284375 0.0234375 0.021875
0 0.41875 0.275 0.01875 0.01875
0 0.4546875 0.26875 0.0203125 0.01875
0 0.4375 0.259375 0.0203125 0.0234375
0 0.4109375 0.2171875 0.0203125 0.0234375
0 0.39375 0.2203125 0.0203125 0.021875
0 0.3765625 0.2078125 0.0265625 0.028125
0 0.484375 0.28125 0.0234375 0.021875
0 0.5359375 0.253125 0.025 0.0234375
0 0.5765625 0.2734375 0.0234375 0.0234375
0 0.603125 0.303125 0.0140625 0.0140625
0 0.55625 0.3265625 0.025 0.025
0 0.5546875 0.4046875 0.0265625 0.028125
0 0.5703125 0.4328125 0.021875 0.0234375
0 0.6125 0.4421875 0.0265625 0.0265625
0 0.45 0.34375 0.015625 0.015625
0 0.440625 0.33125 0.0234375 0.021875
0 0.4125 0.3765625 0.021875 0.021875
0 0.4015625 0.39375 0.028125 0.025
0 0.378125 0.4328125 0.025 0.028125
0 0.209375 0.378125 0.021875 0.0234375
0 0.1765625 0.328125 0.0203125 0.021875
0 0.484375 0.1265625 0.0125 0.0125
0 0.4609375 0.128125 0.01875 0.0140625
0 0.453125 0.1109375 0.021875 0.021875
0 0.4953125 0.14375 0.021875 0.01875
0 0.5046875 0.1609375 0.0234375 0.021875
0 0.1296875 0.5359375 0.0234375 0.0234375
0 0.20625 0.59375 0.0234375 0.0265625
0 0.2640625 0.5828125 0.028125 0.025
0 0.3265625 0.571875 0.025 0.0265625
0 0.34375 0.559375 0.0234375 0.028125
0 0.3578125 0.4984375 0.01875 0.0171875
0 0.4359375 0.5015625 0.0171875 0.01875
0 0.6609375 0.515625 0.015625 0.0171875
0 0.690625 0.5046875 0.021875 0.021875
0 0.7140625 0.496875 0.01875 0.021875
0 0.746875 0.4890625 0.0234375 0.025
0 0.7234375 0.55625 0.0234375 0.0265625
0 0.6953125 0.5953125 0.0234375 0.028125
0 0.5984375 0.5359375 0.0296875 0.03125
0 0.5203125 0.5109375 0.028125 0.0296875
0 0.453125 0.421875 0.025 0.025
0 0.440625 0.4359375 0.0234375 0.021875
0 0.4421875 0.45625 0.03125 0.0265625
0 0.478125 0.221875 0.025 0.0296875
0 0.3671875 0.1171875 0.0265625 0.021875
0 0.33125 0.0921875 0.0203125 0.0203125
0 0.646875 0.15 0.015625 0.0171875
0 0.45625 0.240625 0.01875 0.021875
0 0.4671875 0.2328125 0.01875 0.021875
0 0.40625 0.125 0.0171875 0.0234375
0 0.3921875 0.1296875 0.0234375 0.021875
0 0.5640625 0.0953125 0.0171875 0.0203125
0 0.5921875 0.0921875 0.0171875 0.0203125
0 0.5953125 0.0515625 0.015625 0.015625
0 0.721875 0.06875 0.0171875 0.0171875
0 0.728125 0.0828125 0.025 0.01875
0 0.7296875 0.1375 0.0234375 0.021875
0 0.7359375 0.2109375 0.0234375 0.0234375
0 0.6 0.203125 0.0203125 0.01875
0 0.5765625 0.1984375 0.021875 0.0203125
0 0.5796875 0.1765625 0.021875 0.021875
0 0.45 0.1515625 0.0328125 0.0234375
0 0.16875 0.2671875 0.0265625 0.0265625
0 0.7265625 0.359375 0.025 0.028125
0 0.9171875 0.309375 0.0234375 0.0203125
0 0.8875 0.184375 0.015625 0.01875
0 0.9296875 0.1609375 0.015625 0.015625
0 0.9375 0.14375 0.01875 0.021875
0 0.946875 0.1265625 0.015625 0.0171875
0 0.934375 0.115625 0.0203125 0.025
0 0.9875 0.2484375 0.0125 0.0140625
0 0.8515625 0.3765625 0.01875 0.0234375
0 0.909375 0.803125 0.0140625 0.0171875
0 0.99375 0.8625 0.0125 0.0296875
0 0.9765625 0.990625 0.0234375 0.01875
0 0.7765625 0.9203125 0.021875 0.025
0 0.6984375 0.9625 0.021875 0.025
0 0.55 0.9046875 0.025 0.025
0 0.540625 0.871875 0.0203125 0.0234375
0 0.5890625 0.8359375 0.0234375 0.025
0 0.4765625 0.8015625 0.0171875 0.015625
0 0.378125 0.775 0.0265625 0.025
0 0.3625 0.8484375 0.01875 0.0203125
0 0.3375 0.859375 0.015625 0.0140625
0 0.34375 0.925 0.0109375 0.0125
0 0.296875 0.86875 0.015625 0.015625
0 0.33125 0.8921875 0.0171875 0.0140625
0 0.3375 0.8828125 0.0203125 0.0171875
0 0.65625 0.7546875 0.0296875 0.0296875
0 0.59375 0.675 0.025 0.0265625
0 0.5140625 0.6109375 0.0171875 0.0203125
0 0.4703125 0.65 0.0265625 0.0265625
0 0.5203125 0.640625 0.0265625 0.0234375
0 0.4015625 0.5546875 0.025 0.025
0 0.3859375 0.603125 0.0234375 0.0234375
0 0.3984375 0.578125 0.0234375 0.021875
0 0.3890625 0.659375 0.025 0.028125
0 0.3921875 0.690625 0.0234375 0.0234375
0 0.2609375 0.6265625 0.021875 0.021875
0 0.2265625 0.6921875 0.0203125 0.021875
0 0.3171875 0.603125 0.0203125 0.0234375
0 0.3453125 0.603125 0.01875 0.0171875
0 0.3609375 0.590625 0.0203125 0.0234375
0 0.371875 0.584375 0.01875 0.025
0 0.3515625 0.6140625 0.0140625 0.0125
0 0.3375 0.61875 0.01875 0.0203125
0 0.3625 0.6875 0.0203125 0.021875
0 0.3515625 0.7109375 0.0203125 0.021875
0 0.3171875 0.6890625 0.021875 0.021875
0 0.2828125 0.6984375 0.021875 0.021875
0 0.25625 0.725 0.0203125 0.021875
0 0.234375 0.721875 0.0203125 0.0203125
0 0.2578125 0.65 0.021875 0.0171875
0 0.2578125 0.6671875 0.0203125 0.0171875
0 0.284375 0.64375 0.021875 0.0234375
0 0.303125 0.6265625 0.0203125 0.0234375
0 0.3140625 0.6234375 0.0171875 0.021875
0 0.165625 0.7234375 0.025 0.025
0 0.1328125 0.7140625 0.021875 0.025
0 0.1046875 0.721875 0.025 0.025
0 0.196875 0.75625 0.025 0.0265625
0 0.7984375 0.5578125 0.0203125 0.0265625
0 0.8015625 0.5265625 0.0234375 0.0296875
0 0.8265625 0.5078125 0.021875 0.0234375
0 0.8203125 0.634375 0.021875 0.025
0 0.8015625 0.6375 0.021875 0.0265625
0 0.825 0.678125 0.0203125 0.0234375
0 0.8203125 0.6984375 0.021875 0.025
0 0.84375 0.703125 0.021875 0.0234375
0 0.8390625 0.73125 0.021875 0.0265625
0 0.8625 0.7265625 0.01875 0.021875
0 0.80625 0.740625 0.021875 0.0265625
0 0.771875 0.746875 0.01875 0.0203125
0 0.7984375 0.765625 0.01875 0.0234375
0 0.775 0.8109375 0.0234375 0.0234375
0 0.7921875 0.853125 0.0234375 0.0234375
0 0.8359375 0.7828125 0.0171875 0.01875
0 0.8421875 0.7921875 0.0203125 0.0203125
0 0.2890625 0.7390625 0.01875 0.0203125
0 0.290625 0.75625 0.021875 0.0171875
0 0.1546875 0.809375 0.015625 0.0171875
0 0.178125 0.8625 0.021875 0.0234375
0 0.0921875 0.8515625 0.0171875 0.0171875
0 0.95 0.6328125 0.021875 0.028125
0 0.90625 0.6828125 0.01875 0.0234375
0 0.9125 0.7 0.0171875 0.015625
0 0.909375 0.7203125 0.021875 0.0234375
0 0.984375 0.9578125 0.01875 0.0265625
0 0.425 0.9828125 0.0234375 0.025
0 0.296875 0.953125 0.0203125 0.021875
0 0.3015625 0.96875 0.0203125 0.0171875
0 0.3046875 0.9859375 0.0234375 0.0203125
0 0.06875 0.9578125 0.015625 0.0234375
0 0.278125 0.828125 0.0203125 0.0234375
0 0.3015625 0.803125 0.021875 0.021875
0 0.315625 0.8109375 0.0203125 0.0203125
0 0.2890625 0.8484375 0.021875 0.0203125
0 0.2921875 0.8859375 0.021875 0.0171875
0 0.296875 0.8984375 0.0234375 0.0171875
0 0.5265625 0.3 0.021875 0.021875
0 0.521875 0.3125 0.025 0.01875
0 0.0125 0.684375 0.0140625 0.0296875
0 0.01875 0.634375 0.0125 0.028125
0 0.0265625 0.584375 0.009375 0.0203125
0 0.0671875 0.4265625 0.0171875 0.0265625
0 0.0921875 0.3671875 0.021875 0.03125
0 0.103125 0.3421875 0.0140625 0.0203125
0 0.1359375 0.33125 0.01875 0.0203125
0 0.1234375 0.3421875 0.0171875 0.025
0 0.1296875 0.3 0.0125 0.01875
0 0.1125 0.3109375 0.009375 0.0171875
0 0.1359375 0.271875 0.0140625 0.01875
0 0.39375 0.04375 0.0296875 0.021875
0 0.940625 0.0078125 0.021875 0.0109375