0 0.1474609375 0.703125 0.1464843765625 0.7236328140625 0.1621093765625 0.7255859375 0.1679687515625 0.7060546859375 0.1474609375 0.703125
0 0.2587890625 0.6679687515625 0.2519531234375 0.6865234375 0.2714843765625 0.6923828140625 0.2753906234375 0.6708984375 0.2587890625 0.6679687515625
0 0.2744140625 0.6933593765625 0.2734375 0.7099609375 0.2949218765625 0.7158203140625 0.2988281234375 0.6943359375 0.2744140625 0.6933593765625
0 0.2666015625 0.7636718765625 0.2578125 0.7783203140625 0.2714843765625 0.7880859375 0.28125 0.7705078140625 0.2666015625 0.7636718765625
0 0.3447265625 0.7304687515625 0.3378906234375 0.7490234375 0.359375 0.7548828140625 0.3613281234375 0.7333984375 0.3447265625 0.7304687515625
0 0.3837890625 0.7226562484375 0.3808593765625 0.7392578140625 0.4003906234375 0.7431640625 0.4023437515625 0.7236328140625 0.3837890625 0.7226562484375
0 0.4033203140625 0.7441406234375 0.3984375 0.7666015625 0.4179687515625 0.7666015625 0.4199218765625 0.7470703140625 0.4033203140625 0.7441406234375
0 0.5029296859375 0.7871093765625 0.4902343765625 0.7998046859375 0.5078125 0.8115234375 0.515625 0.7939453140625 0.5029296859375 0.7871093765625
0 0.5058593765625 0.9013671859375 0.4970703140625 0.8789062484375 0.4882812484375 0.8974609375 0.5058593765625 0.9013671859375
0 0.06542968593750001 0.5117187515625 0.0625 0.5322265625 0.078125 0.5341796859375 0.08398437656249999 0.5185546859375 0.06542968593750001 0.5117187515625
0 0.1015625 0.6083984375 0.10546875156249999 0.5947265625 0.0927734375 0.59375 0.1015625 0.6083984375
0 0.1650390625 0.4921875 0.1601562484375 0.5146484375 0.1855468765625 0.5224609375 0.1875 0.4951171859375 0.1650390625 0.4921875
0 0.1689453140625 0.2636718765625 0.1464843765625 0.2685546859375 0.1582031234375 0.2861328140625 0.1738281234375 0.2802734375 0.1689453140625 0.2636718765625
0 0.2041015625 0.2480468765625 0.1992187515625 0.2666015625 0.2148437515625 0.2724609375 0.2226562484375 0.2568359375 0.2041015625 0.2480468765625
0 0.2548828140625 0.3710937515625 0.25 0.3837890625 0.265625 0.3896484375 0.2714843765625 0.3740234375 0.2548828140625 0.3710937515625
0 0.3115234375 0.4082031234375 0.3066406234375 0.4248046859375 0.3222656234375 0.4287109375 0.3242187515625 0.4111328140625 0.3115234375 0.4082031234375
0 0.3466796859375 0.796875 0.3378906234375 0.8154296859375 0.3554687515625 0.8193359375 0.3613281234375 0.8037109375 0.3466796859375 0.796875
0 0.3681640625 0.8046875 0.359375 0.8212890625 0.375 0.8271484375 0.3808593765625 0.8134765625 0.3681640625 0.8046875
0 0.3935546859375 0.5859375 0.3867187515625 0.6044921859375 0.40625 0.6083984375 0.4101562484375 0.5888671859375 0.3935546859375 0.5859375
0 0.3212890625 0.5800781234375 0.3144531234375 0.6005859375 0.3339843765625 0.6064453140625 0.3398437515625 0.5869140625 0.3212890625 0.5800781234375
0 0.4189453140625 0.4453125 0.4082031234375 0.4677734375 0.4277343765625 0.4716796859375 0.4335937515625 0.4580078140625 0.4189453140625 0.4453125
0 0.3466796859375 0.3574218765625 0.3359375 0.3798828140625 0.3574218765625 0.3837890625 0.3632812484375 0.3603515625 0.3466796859375 0.3574218765625
0 0.3505859375 0.3085937515625 0.3476562484375 0.3271484375 0.3652343765625 0.3291015625 0.3710937515625 0.3115234375 0.3505859375 0.3085937515625
0 0.2783203140625 0.2207031234375 0.2714843765625 0.2392578140625 0.2851562484375 0.2451171859375 0.2929687515625 0.2275390625 0.2783203140625 0.2207031234375
0 0.3173828140625 0.1914062484375 0.3085937515625 0.2041015625 0.3242187515625 0.2138671859375 0.3359375 0.2001953140625 0.3173828140625 0.1914062484375
0 0.3232421859375 0.15625 0.3203125 0.1728515625 0.3378906234375 0.1748046859375 0.3378906234375 0.1572265625 0.3232421859375 0.15625
0 0.3916015625 0.2011718765625 0.3847656234375 0.2177734375 0.4023437515625 0.2236328140625 0.4101562484375 0.2099609375 0.3916015625 0.2011718765625
0 0.4130859375 0.2832031234375 0.4101562484375 0.3076171859375 0.4316406234375 0.3115234375 0.4355468765625 0.2919921859375 0.4130859375 0.2832031234375
0 0.4931640625 0.1914062484375 0.4882812484375 0.2080078140625 0.5078125 0.2119140625 0.5117187515625 0.1962890625 0.4931640625 0.1914062484375
0 0.4990234375 0.3457031234375 0.4960937515625 0.3603515625 0.5117187515625 0.3662109375 0.5214843765625 0.3486328140625 0.4990234375 0.3457031234375
0 0.4873046859375 0.3730468765625 0.484375 0.3955078140625 0.5058593765625 0.3955078140625 0.5078125 0.3740234375 0.4873046859375 0.3730468765625
0 0.4755859375 0.3730468765625 0.4707031234375 0.3955078140625 0.484375 0.3974609375 0.4863281234375 0.3740234375 0.4755859375 0.3730468765625
0 0.4404296859375 0.3925781234375 0.4316406234375 0.4189453140625 0.4472656234375 0.4248046859375 0.4570312484375 0.3994140625 0.4404296859375 0.3925781234375
0 0.4931640625 0.5078125 0.4863281234375 0.5283203140625 0.5019531234375 0.5322265625 0.5078125 0.5166015625 0.4931640625 0.5078125
0 0.4462890625 0.5429687515625 0.4433593765625 0.5634765625 0.4570312484375 0.5693359375 0.4628906234375 0.5458984375 0.4462890625 0.5429687515625
0 0.4912109375 0.5488281234375 0.4804687515625 0.5654296859375 0.5 0.5732421859375 0.5078125 0.5576171859375 0.4912109375 0.5488281234375
0 0.4814453140625 0.6582031234375 0.4726562484375 0.6748046859375 0.4902343765625 0.6826171859375 0.4980468765625 0.6669921859375 0.4814453140625 0.6582031234375
0 0.4990234375 0.6933593765625 0.4960937515625 0.7138671859375 0.5136718765625 0.7158203140625 0.5195312484375 0.7001953140625 0.4990234375 0.6933593765625
0 0.5107421859375 0.6777343765625 0.5058593765625 0.6923828140625 0.5214843765625 0.6982421859375 0.5273437515625 0.6826171859375 0.5107421859375 0.6777343765625
0 0.5458984375 0.671875 0.5410156234375 0.6923828140625 0.5605468765625 0.6943359375 0.5605468765625 0.6748046859375 0.5458984375 0.671875
0 0.6083984375 0.6542968765625 0.6054687515625 0.6728515625 0.6230468765625 0.6748046859375 0.6269531234375 0.6572265625 0.6083984375 0.6542968765625
0 0.6425781234375 0.7041015625 0.6503906234375 0.6845703140625 0.6318359375 0.6816406234375 0.6425781234375 0.7041015625
0 0.734375 0.7958984375 0.7373046859375 0.765625 0.71875 0.7841796859375 0.734375 0.7958984375
0 0.8134765625 0.7285156234375 0.8105468765625 0.7509765625 0.828125 0.7568359375 0.8300781234375 0.7314453140625 0.8134765625 0.7285156234375
0 0.8330078140625 0.6914062484375 0.8300781234375 0.7119140625 0.8457031234375 0.7158203140625 0.8535156234375 0.6943359375 0.8330078140625 0.6914062484375
0 0.8330078140625 0.6679687515625 0.828125 0.6845703140625 0.84375 0.6904296859375 0.8515625 0.6748046859375 0.8330078140625 0.6679687515625
0 0.7529296859375 0.5976562484375 0.7265625 0.6103515625 0.7382812484375 0.6318359375 0.7617187515625 0.6162109375 0.7529296859375 0.5976562484375
0 0.7197265625 0.5332031234375 0.7109375 0.5537109375 0.7285156234375 0.5576171859375 0.7324218765625 0.5400390625 0.7197265625 0.5332031234375
0 0.6611328140625 0.5429687515625 0.65625 0.5654296859375 0.6679687515625 0.5693359375 0.6777343765625 0.5498046859375 0.6611328140625 0.5429687515625
0 0.5712890625 0.4785156234375 0.5644531234375 0.4951171859375 0.578125 0.5029296859375 0.5859375 0.4833984375 0.5712890625 0.4785156234375
0 0.5712890625 0.4550781234375 0.5683593765625 0.4697265625 0.5859375 0.4736328140625 0.5917968765625 0.4599609375 0.5712890625 0.4550781234375
0 0.5712890625 0.4101562484375 0.5625 0.4306640625 0.578125 0.4365234375 0.5878906234375 0.4228515625 0.5712890625 0.4101562484375
0 0.6220703140625 0.4609375 0.6132812484375 0.4775390625 0.6308593765625 0.4833984375 0.6367187515625 0.4697265625 0.6220703140625 0.4609375
0 0.6826171859375 0.4765625 0.6738281234375 0.4892578140625 0.6894531234375 0.4990234375 0.6972656234375 0.4814453140625 0.6826171859375 0.4765625
0 0.6757812484375 0.5380859375 0.6835937515625 0.5244140625 0.6650390625 0.5214843765625 0.6757812484375 0.5380859375
0 0.6611328140625 0.4257812484375 0.6503906234375 0.4384765625 0.6660156234375 0.4482421859375 0.6738281234375 0.4365234375 0.6611328140625 0.4257812484375
0 0.8310546859375 0.4785156234375 0.828125 0.4951171859375 0.8476562484375 0.4990234375 0.8535156234375 0.4814453140625 0.8310546859375 0.4785156234375
0 0.6826171859375 0.4179687515625 0.6796875 0.4326171859375 0.6914062484375 0.4345703140625 0.6953125 0.4208984375 0.6826171859375 0.4179687515625
0 0.6162109375 0.3261718765625 0.6132812484375 0.3427734375 0.6308593765625 0.3466796859375 0.6328125 0.3271484375 0.6162109375 0.3261718765625
0 0.5830078140625 0.2851562484375 0.578125 0.3017578140625 0.59375 0.3076171859375 0.5976562484375 0.2900390625 0.5830078140625 0.2851562484375
0 0.6035156234375 0.2685546859375 0.6152343765625 0.2568359375 0.5966796859375 0.2460937515625 0.6035156234375 0.2685546859375
0 0.6445312484375 0.1865234375 0.6357421859375 0.1640625 0.625 0.1826171859375 0.6445312484375 0.1865234375
0 0.6611328140625 0.2792968765625 0.65625 0.2939453140625 0.6757812484375 0.2998046859375 0.6816406234375 0.2841796859375 0.6611328140625 0.2792968765625
0 0.6943359375 0.2988281234375 0.6894531234375 0.3154296859375 0.7050781234375 0.3212890625 0.7109375 0.3076171859375 0.6943359375 0.2988281234375
0 0.7763671859375 0.3203125 0.7714843765625 0.3349609375 0.7871093765625 0.3388671859375 0.7929687515625 0.3251953140625 0.7763671859375 0.3203125
0 0.7900390625 0.2734375 0.7832031234375 0.2900390625 0.8007812484375 0.2978515625 0.8046875 0.2802734375 0.7900390625 0.2734375
0 0.7353515625 0.2363281234375 0.7265625 0.2587890625 0.7421875 0.2626953140625 0.7480468765625 0.2470703140625 0.7353515625 0.2363281234375
0 0.7236328140625 0.2226562484375 0.6992187515625 0.2353515625 0.7148437515625 0.2490234375 0.7285156234375 0.2373046859375 0.7236328140625 0.2226562484375
0 0.6816406234375 0.1962890625 0.6845703140625 0.2128906234375 0.7011718765625 0.2119140625 0.7021484375 0.1933593765625 0.6816406234375 0.1962890625
0 0.3603515625 0.11132812343750001 0.3535156234375 0.1279296859375 0.3691406234375 0.1337890625 0.3730468765625 0.11425781406249999 0.3603515625 0.11132812343750001
0 0.4882812484375 0.0771484375 0.4931640625 0.09375 0.5058593765625 0.0927734375 0.5068359375 0.07617187656249999 0.4882812484375 0.0771484375
0 0.7666015625 0.171875 0.7578125 0.1845703140625 0.7753906234375 0.1943359375 0.78125 0.1767578140625 0.7666015625 0.171875
0 0.8173828140625 0.2207031234375 0.8144531234375 0.2373046859375 0.828125 0.2392578140625 0.8300781234375 0.2236328140625 0.8173828140625 0.2207031234375
0 0.7138671859375 0.8632812484375 0.703125 0.8798828140625 0.71875 0.8876953140625 0.7304687515625 0.8740234375 0.7138671859375 0.8632812484375
0 0.6015625 0.08886718593750001 0.5966796859375 0.06835937656249999 0.5878906234375 0.0849609375 0.6015625 0.08886718593750001