0 0.2167968734375 0.3818359359375 0.2363281265625 0.3505859359375 0.2021484359375 0.32421875 0.1816406265625 0.3623046859375 0.2167968734375 0.3818359359375
0 0.1953125 0.5615234359375 0.2050781265625 0.5400390640625 0.1728515640625 0.51953125 0.1640625 0.5419921859375 0.1953125 0.5615234359375
0 0.3144531265625 0.6513671859375 0.3203125 0.6318359359375 0.3037109359375 0.6269531265625 0.2988281265625 0.6455078140625 0.3144531265625 0.6513671859375
0 0.4121093734375 0.7783203140625 0.4091796859375 0.7421875 0.3769531265625 0.7509765640625 0.3857421859375 0.77734375 0.4121093734375 0.7783203140625
0 0.4375 0.8955078140625 0.44140625 0.8701171859375 0.4228515640625 0.859375 0.4082031265625 0.8857421859375 0.4375 0.8955078140625
0 0.3964843734375 0.5439453140625 0.3964843734375 0.5126953140625 0.3818359359375 0.5078125 0.37109375 0.5361328140625 0.3964843734375 0.5439453140625
0 0.3515625 0.3193359359375 0.3515625 0.2880859359375 0.3193359359375 0.2792968734375 0.3144531265625 0.2958984359375 0.3515625 0.3193359359375
0 0.4824218734375 0.2060546859375 0.5 0.1826171859375 0.4697265640625 0.16796875 0.45703125 0.1884765640625 0.4824218734375 0.2060546859375
0 0.46875 0.4169921859375 0.4785156265625 0.4033203140625 0.4541015640625 0.3769531265625 0.4394531265625 0.4091796859375 0.46875 0.4169921859375
0 0.5771484359375 0.4550781265625 0.5292968734375 0.4716796859375 0.53125 0.4970703140625 0.55859375 0.5087890640625 0.59375 0.4931640640625 0.5771484359375 0.4550781265625
0 0.55078125 0.6279296859375 0.5605468734375 0.6103515640625 0.5361328140625 0.58984375 0.5253906265625 0.6162109359375 0.55078125 0.6279296859375
0 0.5800781265625 0.8037109359375 0.5830078140625 0.77734375 0.5644531265625 0.7880859359375 0.5800781265625 0.8037109359375
0 0.66015625 0.7138671859375 0.6513671859375 0.6796875 0.6230468734375 0.6865234359375 0.6357421859375 0.71484375 0.66015625 0.7138671859375
0 0.640625 0.7509765640625 0.6503906265625 0.7333984359375 0.6337890640625 0.7265625 0.6269531265625 0.7451171859375 0.640625 0.7509765640625
0 0.73046875 0.8349609359375 0.7402343734375 0.8056640640625 0.7060546859375 0.7949218734375 0.6972656265625 0.8173828140625 0.73046875 0.8349609359375
0 0.7050781265625 0.6181640640625 0.71484375 0.5927734359375 0.6943359359375 0.5761718734375 0.6796875 0.5966796859375 0.7050781265625 0.6181640640625
0 0.796875 0.7294921859375 0.8125 0.7041015640625 0.7939453140625 0.6894531265625 0.7832031265625 0.7158203140625 0.796875 0.7294921859375
0 0.6425781265625 0.4033203140625 0.66015625 0.3916015640625 0.6279296859375 0.3652343734375 0.6171875 0.3876953140625 0.6425781265625 0.4033203140625
0 0.8212890640625 0.45703125 0.7939453140625 0.453125 0.7734375 0.4912109359375 0.8105468734375 0.5185546859375 0.8359375 0.4814453140625 0.8212890640625 0.45703125
0 0.5683593734375 0.2802734359375 0.57421875 0.2626953140625 0.5556640640625 0.26171875 0.5683593734375 0.2802734359375
0 0.7324218734375 0.2529296859375 0.7402343734375 0.2275390640625 0.7099609359375 0.2167968734375 0.7050781265625 0.2392578140625 0.7324218734375 0.2529296859375
0 0.8105468734375 0.2939453140625 0.82421875 0.2802734359375 0.8154296859375 0.26171875 0.7890625 0.2783203140625 0.8105468734375 0.2939453140625
0 0.7578125 0.2509765640625 0.7451171859375 0.23046875 0.7421875 0.2490234359375 0.7578125 0.2509765640625