0 0.415625 0.1921875 0.0078125 0.0078125
0 0.4609375 0.19375 0.0078125 0.0078125
0 0.4453125 0.2171875 0.009375 0.0078125
0 0.434375 0.2125 0.00625 0.0078125
0 0.40625 0.2234375 0.00625 0.00625
0 0.409375 0.2078125 0.003125 0.003125
0 0.40625 0.240625 0.0046875 0.0046875
0 0.4125 0.240625 0.0078125 0.0109375
0 0.3890625 0.25 0.0046875 0.0046875
0 0.3796875 0.253125 0.003125 0.003125
0 0.3640625 0.24375 0.0078125 0.009375
0 0.3609375 0.2328125 0.009375 0.009375
0 0.359375 0.2203125 0.0046875 0.0046875
0 0.35 0.23125 0.0046875 0.0046875
0 0.325 0.2328125 0.0078125 0.0078125
0 0.3484375 0.25625 0.0078125 0.0078125
0 0.3546875 0.2703125 0.003125 0.0046875
0 0.359375 0.2703125 0.00625 0.0078125
0 0.3640625 0.2765625 0.0046875 0.0046875
0 0.375 0.2625 0.00625 0.00625
0 0.33125 0.28125 0.0078125 0.0078125
0 0.334375 0.2890625 0.00625 0.00625
0 0.3359375 0.2984375 0.0078125 0.0078125
0 0.3109375 0.29375 0.0078125 0.0078125
0 0.3171875 0.2984375 0.00625 0.00625
0 0.2875 0.265625 0.00625 0.009375
0 0.2859375 0.253125 0.003125 0.0046875
0 0.271875 0.278125 0.0046875 0.0046875
0 0.2828125 0.2921875 0.0078125 0.0078125
0 0.2828125 0.3171875 0.0046875 0.0046875
0 0.2421875 0.3234375 0.00625 0.00625
0 0.234375 0.321875 0.00625 0.0046875
0 0.221875 0.3265625 0.0046875 0.00625
0 0.2140625 0.353125 0.0078125 0.0109375
0 0.253125 0.365625 0.0046875 0.00625
0 0.2078125 0.3640625 0.003125 0.003125
0 0.2109375 0.38125 0.00625 0.0078125
0 0.19375 0.38125 0.0046875 0.0046875
0 0.20625 0.39375 0.0046875 0.0046875
0 0.1828125 0.4125 0.0046875 0.0046875
0 0.196875 0.4125 0.00625 0.009375
0 0.18125 0.425 0.0046875 0.00625
0 0.1859375 0.4296875 0.0046875 0.00625
0 0.2046875 0.41875 0.003125 0.003125
0 0.20625 0.434375 0.00625 0.0078125
0 0.1984375 0.4375 0.0046875 0.0046875
0 0.2015625 0.44375 0.0078125 0.0078125
0 0.18125 0.440625 0.00625 0.00625
0 0.1875 0.446875 0.00625 0.009375
0 0.1703125 0.4484375 0.0046875 0.0046875
0 0.184375 0.4546875 0.0046875 0.00625
0 0.175 0.459375 0.00625 0.0078125
0 0.16875 0.45625 0.0046875 0.0046875
0 0.165625 0.4671875 0.003125 0.0046875
0 0.1703125 0.471875 0.003125 0.0046875
0 0.1703125 0.4796875 0.00625 0.0078125
0 0.1875 0.4734375 0.0046875 0.0046875
0 0.1796875 0.4765625 0.0078125 0.0078125
0 0.203125 0.48125 0.0078125 0.0078125
0 0.1875 0.4953125 0.0046875 0.00625
0 0.1953125 0.5 0.00625 0.0078125
0 0.190625 0.50625 0.0078125 0.009375
0 0.1921875 0.5203125 0.00625 0.00625
0 0.2 0.5171875 0.009375 0.009375
0 0.1734375 0.496875 0.0140625 0.0125
0 0.2078125 0.459375 0.00625 0.009375
0 0.2109375 0.45 0.00625 0.0078125
0 0.2234375 0.45 0.0078125 0.0078125
0 0.2421875 0.4625 0.0078125 0.0078125
0 0.246875 0.46875 0.003125 0.0046875
0 0.228125 0.4828125 0.0078125 0.0078125
0 0.246875 0.490625 0.00625 0.00625
0 0.228125 0.5109375 0.0078125 0.00625
0 0.228125 0.525 0.0078125 0.0078125
0 0.2234375 0.540625 0.0078125 0.0078125
0 0.21875 0.534375 0.00625 0.00625
0 0.246875 0.54375 0.00625 0.00625
0 0.2515625 0.540625 0.0046875 0.00625
0 0.265625 0.55 0.0078125 0.0078125
0 0.2671875 0.5578125 0.00625 0.00625
0 0.2609375 0.56875 0.0015625 0.0015625
0 0.253125 0.5625 0.0015625 0.003125
0 0.2171875 0.546875 0.003125 0.003125
0 0.2234375 0.5484375 0.0015625 0.0015625
0 0.21875 0.56875 0.0078125 0.0078125
0 0.215625 0.578125 0.00625 0.00625
0 0.2265625 0.5828125 0.0046875 0.0046875
0 0.459375 0.2296875 0.0078125 0.0078125
0 0.4484375 0.2359375 0.00625 0.0078125
0 0.4390625 0.24375 0.0078125 0.0078125
0 0.4546875 0.253125 0.0078125 0.0078125
0 0.4484375 0.25625 0.00625 0.00625
0 0.45 0.265625 0.003125 0.003125
0 0.44375 0.275 0.003125 0.003125
0 0.4234375 0.2828125 0.00625 0.0078125
0 0.428125 0.2921875 0.00625 0.00625
0 0.4078125 0.2890625 0.0078125 0.0078125
0 0.39375 0.2984375 0.0046875 0.0046875
0 0.4 0.30625 0.0109375 0.009375
0 0.3875 0.3046875 0.0125 0.0109375
0 0.3765625 0.296875 0.0046875 0.0046875
0 0.3328125 0.3125 0.0078125 0.0078125
0 0.3609375 0.31875 0.009375 0.009375
0 0.3328125 0.33125 0.00625 0.00625
0 0.3484375 0.3296875 0.00625 0.00625
0 0.3453125 0.340625 0.00625 0.0046875
0 0.3375 0.34375 0.0078125 0.0078125
0 0.3125 0.3375 0.0078125 0.0078125
0 0.28125 0.3421875 0.0078125 0.0078125
0 0.2671875 0.33125 0.00625 0.0078125
0 0.2953125 0.3484375 0.0078125 0.0078125
0 0.3015625 0.3515625 0.00625 0.0078125
0 0.2921875 0.3546875 0.00625 0.0046875
0 0.29319066875 0.3626241671875 0.29142045625 0.3599141765625 0.2904832859375 0.35730841562500004 0.28699493125000003 0.3576732234375 0.284088540625 0.35510416718750004 0.28449580937499996 0.3584549515625 0.283298309375 0.3606959078125 0.2840792859375 0.3633537828125 0.2882444921875 0.3657510796875 0.29162871875 0.365907425 0.29319066875 0.3626241671875
0 0.296875 0.3671875 0.0046875 0.0046875
0 0.31875 0.359375 0.00625 0.00625
0 0.28125 0.3734375 0.00625 0.00625
0 0.2703125 0.3828125 0.0078125 0.0078125
0 0.2609375 0.390625 0.0078125 0.0078125
0 0.24375 0.4046875 0.00625 0.00625
0 0.25 0.409375 0.00625 0.0078125
0 0.2421875 0.4234375 0.00625 0.00625
0 0.220795840625 0.44238548906249997 0.2242842 0.4406656875 0.22688745 0.43884165625 0.2296469015625 0.43462032500000003 0.2284494015625 0.43258783125000005 0.224961046875 0.4315455265625 0.222994790625 0.43393229218749996 0.22006693125000001 0.43357802031250003 0.2205875828125 0.43571474375 0.219338021875 0.43660070156249997 0.219702475 0.4405093421875 0.220795840625 0.44238548906249997
0 0.21381912656250002 0.43237936875000005 0.217151290625 0.432535715625 0.221785078125 0.43222302343749996 0.22324290000000002 0.429617265625 0.2192338890625 0.43039899375 0.21819259062500002 0.4284186140625 0.21944215156250002 0.42701150468750004 0.22205729062500001 0.4265885421875 0.21959834687500002 0.4248747796875 0.2162141203125 0.42555227812499996 0.21496455937499998 0.42737630937500004 0.2155372734375 0.428939765625 0.21376705937499998 0.430034184375 0.21381912656250002 0.43237936875000005
0 0.2296875 0.4296875 0.003125 0.0046875
0 0.25625 0.44375 0.00625 0.00625
0 0.2546875 0.4359375 0.003125 0.0015625
0 0.253125 0.4390625 0.0015625 0.0015625
0 0.240625 0.4390625 0.0015625 0.0015625
0 0.26875 0.4578125 0.0078125 0.00625
0 0.2590742375 0.4825918484375 0.2624064015625 0.48253973125 0.2623022734375 0.4817058890625 0.2602717359375 0.4805072375 0.259959346875 0.4793085890625 0.25787674374999997 0.47738032500000005 0.256523053125 0.47831840000000003 0.252604165625 0.4781510421875 0.2524099140625 0.4823833859375 0.2543883828125 0.48462434062500004 0.25683544375 0.4840510734375 0.25844945625000004 0.48306088437500005 0.2590742375 0.4825918484375
0 0.259375 0.4875 0.00625 0.00625
0 0.28125 0.4828125 0.00625 0.00625
0 0.275 0.4921875 0.00625 0.00625
0 0.2671875 0.490625 0.0046875 0.0046875
0 0.2703125 0.5015625 0.0046875 0.0046875
0 0.2734375 0.5 0.0015625 0.0015625
0 0.290625 0.4796875 0.003125 0.003125
0 0.29375 0.46875 0.00625 0.0078125
0 0.284375 0.4578125 0.0046875 0.00625
0 0.3015625 0.4484375 0.0078125 0.0078125
0 0.315625 0.4515625 0.00625 0.00625
0 0.3234375 0.471875 0.00625 0.00625
0 0.309375 0.475 0.00625 0.00625
0 0.3140625 0.48125 0.003125 0.003125
0 0.3046875 0.4875 0.0078125 0.0078125
0 0.29061578125 0.5082978406249999 0.2932190328125 0.507463996875 0.29389587968750003 0.5049103515625 0.2956140265625 0.502773628125 0.29556195937499996 0.4996988328125 0.2930628375 0.49797903125 0.290260415625 0.49807291718749996 0.2890017640625 0.499750946875 0.2886373125 0.5031384359375 0.2875960078125 0.5052751578125 0.2886893734375 0.5077766875 0.29061578125 0.5082978406249999
0 0.328125 0.4875 0.00625 0.00625
0 0.334375 0.4796875 0.00625 0.0078125
0 0.3265625 0.49375 0.0046875 0.0046875
0 0.337378971875 0.5019934296875 0.3387326609375 0.50058631875 0.3384723375 0.4978763296875 0.33633766718749997 0.49672979531249994 0.33373441718749997 0.49527056875 0.329947915625 0.4949479171875 0.328996496875 0.497146715625 0.3293088875 0.4996482453125 0.3326410515625 0.5022018921875 0.3356087578125 0.5028793890625 0.337378971875 0.5019934296875
0 0.3390625 0.50625 0.003125 0.003125
0 0.3515625 0.5 0.0015625 0.0015625
0 0.3546875 0.503125 0.0046875 0.0046875
0 0.359375 0.50625 0.0046875 0.0046875
0 0.3578125 0.5015625 0.0015625 0.0015625
0 0.36875 0.49375 0.00625 0.00625
0 0.375 0.4953125 0.0046875 0.0046875
0 0.3796875 0.50625 0.00625 0.00625
0 0.36875 0.525 0.00625 0.0046875
0 0.3703125 0.5296875 0.003125 0.003125
0 0.375 0.521875 0.0046875 0.0046875
0 0.384375 0.5234375 0.0078125 0.00625
0 0.3921875 0.521875 0.0015625 0.0015625
0 0.397218184375 0.519319653125 0.3985220734375 0.5191383843749999 0.400405471875 0.5191746375 0.40181801874999995 0.51844955625 0.40243374374999996 0.5167818703125 0.40214399062500006 0.5149329140625001 0.40076766093750005 0.5134827515625 0.39924645625 0.5109812203125 0.39739927812500003 0.5094948046875001 0.3954072265625 0.50938604375 0.3933333328125 0.510018115625 0.39276322656249996 0.5113437625 0.3930167625 0.5139903078125 0.394646625 0.5160567890625 0.3968922109375 0.5178332390625 0.397218184375 0.519319653125
0 0.4109375 0.5171875 0.0015625 0.0015625
0 0.409375 0.525 0.0078125 0.009375
0 0.42779849375 0.51674628125 0.429464571875 0.5169638062499999 0.4313479703125 0.5164199953125 0.4317826 0.5133384000000001 0.43069602500000004 0.5114531890625 0.4285590953125 0.5106556 0.4261324109375 0.5110906484375 0.42518115781250004 0.513550725 0.42526315 0.5135559234375 0.42330731562499996 0.515042340625 0.42461120625 0.5154773890625 0.4258426578125 0.515767421875 0.42779849375 0.51674628125
0 0.42359706875 0.52323575625 0.4213877015625 0.5239970921875 0.4230175640625 0.525265984375 0.4253718078125 0.5250484609375 0.427182765625 0.5241058546875 0.428740190625 0.52243816875 0.4288488484375 0.5205529578125 0.4275087375 0.518450221875 0.42533558749999995 0.5177251421875 0.424937178125 0.5164925031250001 0.42363328906250003 0.5164925031250001 0.42312622187500004 0.517833903125 0.42067028906250004 0.5194746375 0.42091685156249997 0.520625465625 0.4224018359375 0.5199728921875 0.4240316984375 0.520335434375 0.42464742656250004 0.5221481359375 0.42359706875 0.52323575625
0 0.446875 0.5203125 0.0046875 0.0046875
0 0.4515625 0.528125 0.00625 0.00625
0 0.453125 0.5234375 0.0015625 0.0015625
0 0.4609375 0.5234375 0.0078125 0.0078125
0 0.4609375 0.5328125 0.0015625 0.0015625
0 0.4666000546875 0.537344640625 0.46681736875 0.5348793640625 0.46497019218749996 0.5330666609375 0.46297813750000005 0.53324793125 0.46159420156250003 0.5343659421875 0.45932000312500004 0.53636578125 0.4599719484375 0.538541025 0.4629419171875 0.5389035640625 0.46525994375 0.5386860390625 0.4666000546875 0.537344640625
0 0.4590302484375 0.5428915109375 0.45852318125 0.5396286453125 0.457762578125 0.5369458453125 0.45566186562500005 0.53654705 0.45317028906249995 0.5371920296875 0.45033765 0.53922985 0.4512431296875 0.5411150609375001 0.45497370468750004 0.5427102406250001 0.457762578125 0.543471575 0.4590302484375 0.5428915109375
0 0.43968921562499996 0.539411121875 0.4394356828125 0.5424564625 0.43755228749999997 0.5423477 0.4377696015625 0.5430365265625 0.44229699531250005 0.5448129749999999 0.4442528296875 0.5449942453125 0.4425867515625 0.5428190015625 0.4446150234375 0.5393023593749999 0.44667951562499997 0.539592390625 0.44798340468750003 0.5391573421875 0.44675195156249997 0.5373083859375 0.44747633750000004 0.536329525 0.44725902343749996 0.5340455203125 0.445520503125 0.5328128828125 0.442260778125 0.5329578984375 0.4375181140625 0.5327355078125 0.43824045 0.5367645750000001 0.43650193125000003 0.5389035640625 0.437153875 0.5393748656249999 0.4388561765625 0.5379609578125 0.43968921562499996 0.539411121875
0 0.434375 0.54375 0.003125 0.003125
0 0.43125 0.546875 0.0046875 0.0046875
0 0.4390625 0.5515625 0.0015625 0.0015625
0 0.4453125 0.5484375 0.003125 0.003125
0 0.446875 0.5546875 0.009375 0.0078125
0 0.44375 0.5609375 0.0046875 0.0046875
0 0.4515625 0.5640625 0.00625 0.00625
0 0.4453125 0.56875 0.00625 0.0078125
0 0.4328125 0.578125 0.00625 0.00625
0 0.425 0.575 0.0046875 0.0046875
0 0.405593703125 0.5754968140625001 0.4059196765625 0.5743729375 0.405593703125 0.5731403 0.40458333281250003 0.5724637687499999 0.402804828125 0.57241521875 0.40200800625 0.5736478578125 0.40255129375000004 0.575460559375 0.4041449359375 0.5764394187499999 0.405593703125 0.5754968140625001
0 0.412294246875 0.5742641749999999 0.41251156250000004 0.5725964890624999 0.41211315312499996 0.5708200406249999 0.4104470703125 0.5698411812499999 0.4081652625 0.5688623203125001 0.40693381406249995 0.5694423859375 0.40544882656250003 0.5702762296875 0.4050724625 0.5720833328125 0.405593703125 0.5739378890625 0.40689759375 0.5752792890625 0.40881720781249997 0.5765119265624999 0.411026578125 0.5757868453125 0.412294246875 0.5742641749999999
0 0.41580750625 0.5810074296875001 0.41769090468750003 0.5797747921874999 0.4187050390625 0.5783971375 0.4193932046875 0.5759318625 0.4185601640625 0.5740829062499999 0.41682164374999997 0.5713638515625 0.4146847125 0.57005870625 0.41240941875 0.570344203125 0.4082739203125 0.57622189375 0.40845501874999995 0.5779620890625 0.410012440625 0.579484759375 0.41356192031249994 0.5812974625 0.41580750625 0.5810074296875001
0 0.409375 0.590625 0.003125 0.003125
0 0.425 0.5890625 0.0046875 0.0046875
0 0.4328125 0.5890625 0.0015625 0.0015625
0 0.434375 0.590625 0.0015625 0.0015625
0 0.446875 0.6015625 0.00625 0.00625
0 0.4515625 0.6 0.0015625 0.0015625
0 0.46859294531250006 0.6118950890625 0.469244890625 0.6096835921875 0.4710558515625 0.6070732999999999 0.47167157499999995 0.60634821875 0.46993305625000004 0.6047167859375 0.46747015468750003 0.6046080234375 0.465778984375 0.603768115625 0.464391525 0.6058044078125 0.46435530468749997 0.6078708890625 0.4633773875 0.6099373703125 0.46413798906250003 0.6125114093749999 0.46660089375 0.6132364890625001 0.46859294531250006 0.6118950890625
0 0.4625 0.6046875 0.0015625 0.0015625
0 0.459375 0.6015625 0.0015625 0.0015625
0 0.45625 0.615625 0.0015625 0.0015625
0 0.490625 0.6140625 0.0046875 0.0046875
0 0.5015625 0.6265625 0.0015625 0.0015625
0 0.4796875 0.640625 0.003125 0.003125
0 0.49375 0.6484375 0.0015625 0.0015625
0 0.4921875 0.646875 0.0015625 0.0015625
0 0.503125 0.64375 0.003125 0.0015625
0 0.5166578375 0.658832253125 0.5171649046875 0.656475740625 0.5178892875 0.6531041125 0.518505015625 0.650276296875 0.5184687953125 0.6479197828125 0.516331865625 0.6475572421875 0.5119493453125 0.6491524203125 0.5118769078125001 0.6540467171875 0.5133256734375 0.6588685078125 0.515788578125 0.661406290625 0.51781685 0.6610800046875001 0.5166578375 0.658832253125
0 0.4984375 0.653125 0.0015625 0.0015625
0 0.4921875 0.6578125 0.003125 0.003125
0 0.490625 0.6609375 0.0015625 0.0015625
0 0.49604451406249994 0.6624895890625 0.49416112031250004 0.6612569515625 0.49245881718750006 0.661438221875 0.4907202984375 0.6629608921875 0.49075651875000004 0.6657524546875 0.492784790625 0.66749265 0.49535635312500004 0.667238871875 0.49662402187500004 0.6649548656250001 0.49604451406249994 0.6624895890625
0 0.4984375 0.6609375 0.0046875 0.0046875
0 0.503125 0.659375 0.0015625 0.0015625
0 0.5093731671875 0.6688340484374999 0.510713275 0.667238871875 0.5112927828125 0.66509988125 0.5103873015625 0.663395940625 0.5072362359375 0.660713140625 0.5044835812499999 0.659226725 0.5017572453125 0.6606159421875 0.50122385625 0.6637222265625 0.502600184375 0.665571184375 0.5052804 0.668616525 0.5077070859374999 0.669486621875 0.5093731671875 0.6688340484374999
0 0.503179690625 0.66901531875 0.5027450609375 0.6667313140625 0.50075300625 0.6649548656250001 0.4985436359375 0.6645560703125 0.49692028906249996 0.6657246375 0.4957547625 0.6682177312500001 0.49713108906250003 0.6709005296874999 0.5001734984375 0.671661865625 0.501984459375 0.6708280234374999 0.503179690625 0.66901531875
0 0.48479543124999996 0.6788522765625 0.4858457890625 0.6764957625 0.4860993203125 0.6741755031250001 0.4852300609375 0.6715289578125 0.4825136234375 0.6705500984375 0.4796885296875 0.6713114328125 0.47737050312499996 0.6734866765625 0.476827215625 0.6748643296875 0.47845707812500005 0.676387 0.48091998125 0.6779096703125 0.48265850156249995 0.6793960875 0.48479543124999996 0.6788522765625
0 0.4935966859375 0.6756619203125 0.4926549890625 0.6729428656249999 0.48979367500000004 0.6718552437499999 0.48768115781250004 0.672681159375 0.48689614375 0.6753718875 0.48787406093749996 0.6776196390625 0.4903369625 0.678417228125 0.4926549890625 0.6778734171874999 0.4935966859375 0.6756619203125
0 0.4768771 0.6630873484375 0.47868805625000005 0.6652263390625001 0.4796659734375 0.6696130796875 0.4810785203125 0.6693593015625 0.48147693125 0.66595141875 0.48187534374999996 0.6631961109375 0.481658028125 0.6593169265625 0.4836863 0.6588093703125 0.48314301249999997 0.656706634375 0.47962975312499995 0.654821425 0.4780361109375 0.6554377421875001 0.4758267421875 0.65667038125 0.4736898125 0.65677914375 0.4709009375 0.6580480359374999 0.46898132031250006 0.6614559171875001 0.46912619843750003 0.66461001875 0.4715398546875 0.66746376875 0.47285677187499997 0.6673653265625 0.471915071875 0.6643562421875 0.47300164687499996 0.662833571875 0.47441419375000005 0.6618909656249999 0.4768771 0.6630873484375
0 0.46606005 0.660350865625 0.4646112828125 0.6604233749999999 0.463742021875 0.661909790625 0.4637137671875 0.6618659421875 0.4643939671875 0.664447575 0.46660333749999994 0.6649913859375001 0.4677261296875 0.66423005 0.4683056375 0.66288865 0.46761747187499997 0.6611484562500001 0.46606005 0.660350865625
0 0.46446640468749995 0.662417346875 0.463090078125 0.6610034390624999 0.460942028125 0.6611594203125 0.4602287625 0.662526109375 0.4610255859375 0.6645200828125 0.46294519999999995 0.6647376078125 0.4635971453125 0.6640125265625 0.46446640468749995 0.662417346875
0 0.4537817546875 0.666260278125 0.45581002656249997 0.6675654234375 0.45577380625 0.66959565 0.45711391562500003 0.670574509375 0.45765720312499997 0.668326759375 0.4584540265625 0.6657889734375 0.4593957234375 0.663976271875 0.45885243593749997 0.6611484562500001 0.45678794375000004 0.6598795640625 0.454361259375 0.6600608343750001 0.45273139687499997 0.6615109953125 0.45229676718749995 0.664266303125 0.450522028125 0.6660064984375 0.4506306859375 0.668435521875 0.4517534796875 0.668471775 0.4523329875 0.66742040625 0.4537817546875 0.666260278125
0 0.4388340796875 0.6653518640625 0.43640739375 0.6677808859375001 0.4364436140625 0.6681434265624999 0.436552271875 0.670572446875 0.4385443234375 0.67187759375 0.44122454375000003 0.6711887671875 0.44260087031250006 0.668578475 0.44133320156250005 0.6662219609375 0.4388340796875 0.6653518640625
0 0.425 0.6609375 0.00625 0.00625
0 0.4234375 0.6765625 0.00625 0.0078125
0 0.41486279374999996 0.664720909375 0.41515254687500003 0.6624731578125 0.41468169687499995 0.6605154390625 0.41153985468750004 0.6592028984375 0.40823468749999997 0.6606242015625 0.40769140000000004 0.6627269375 0.40769140000000004 0.664938434375 0.40986455 0.6671861859375 0.41312427500000004 0.6664248515625 0.41486279374999996 0.664720909375
0 0.41102356249999994 0.659572834375 0.41174794375 0.65776013125 0.41156685 0.6556211421875 0.4102267390625 0.65301085 0.40812603125 0.6526120546875 0.4056702890625 0.6534963765625 0.4045041140625 0.6543885046875 0.4037435109375 0.6574338453124999 0.40591666093749995 0.6601528984375 0.4083433453125 0.6604066765625001 0.41102356249999994 0.659572834375
0 0.4064779609375 0.653179746875 0.40807160624999994 0.652853459375 0.40763697656250003 0.6511857734375 0.40763697656250003 0.6493368171875 0.40550004375000004 0.6478866546875001 0.403399334375 0.6470165578125 0.400284484375 0.64766913125 0.398944378125 0.64969935625 0.39970497968749996 0.65191085625 0.4014072796875 0.653433525 0.40372530781249993 0.6532885078125 0.4064779609375 0.653179746875
0 0.4008639921875 0.6468715406250001 0.4012624015625 0.6438262 0.399197909375 0.641397178125 0.3951268109375 0.6412137687499999 0.3940547890625 0.644079978125 0.394742953125 0.646363984375 0.39659012968749996 0.6481404328125 0.3992341296875 0.64879300625 0.4008639921875 0.6468715406250001
0 0.386441171875 0.6559717078125 0.387600184375 0.6530351296875 0.38571678593750003 0.6535426875 0.38414855000000003 0.6524094203125 0.380356353125 0.652853859375 0.380609884375 0.6558266921875 0.381986215625 0.6582194609375 0.3861876359375 0.6585094921875 0.386441171875 0.6559717078125
0 0.3703125 0.64375 0.00625 0.00625
0 0.3703125 0.6484375 0.0015625 0.0015625
0 0.3734375 0.6515625 0.0015625 0.0015625
0 0.3515625 0.6578125 0.003125 0.003125
0 0.35 0.6625 0.0046875 0.0046875
0 0.353125 0.6625 0.0015625 0.0015625
0 0.3578125 0.6640625 0.0015625 0.0015625
0 0.371875 0.6734375 0.003125 0.003125
0 0.3901734984375 0.6981125609375 0.3936867578125 0.6976775125 0.39607722343749996 0.6956472859375 0.3962945375 0.6931095015625 0.39517174375 0.690209175 0.39459223906249996 0.6876713921875 0.3949182109375 0.6847710671875 0.3929623765625 0.6827770953125001 0.39075300625 0.6824508078125 0.3887681140625 0.68371376875 0.3868051171875 0.68567741875 0.38803656875 0.6897741265625 0.3871310890625 0.69260194375 0.387783034375 0.6958285546874999 0.3901734984375 0.6981125609375
0 0.383798928125 0.69361705625 0.3857547625 0.6934357875 0.385609884375 0.6915505750000001 0.38387681093750003 0.6913224640625 0.383798928125 0.69361705625
0 0.4022707 0.6930369921875 0.4028502078125 0.6911155265625 0.4023069203125 0.6887227593749999 0.40067705781249996 0.687381359375 0.398866096875 0.6868375484375 0.3965942015625 0.6878442031249999 0.39582368749999997 0.689665365625 0.3964031953125 0.6920218796875 0.3977070859375 0.694197121875 0.400242428125 0.694414646875 0.4022707 0.6930369921875
0 0.4257644921875 0.697094984375 0.42500389062500005 0.6944846921875001 0.4232653703125 0.6933245640625 0.4212370984375 0.6933245640625 0.4195347984375 0.6943034234375001 0.41917260624999997 0.6963699046875 0.4192812640625 0.6985088937499999 0.4212370984375 0.7003941046875 0.42330159375000004 0.700140325 0.42507633125 0.699088959375 0.4257644921875 0.697094984375
0 0.41942614218749996 0.6955360609375 0.41855688124999996 0.6929982781249999 0.41616929531249996 0.6920014515624999 0.4139208265625 0.6924907203124999 0.4120012125 0.694738471875 0.41192877499999997 0.69767505 0.41363107499999996 0.6998140390625001 0.41576800468749997 0.70035785 0.41776005937500005 0.69988655 0.41913638593749997 0.6979650828125 0.41942614218749996 0.6955360609375
0 0.384375 0.7125 0.00625 0.00625
0 0.3859375 0.7046875 0.0015625 0.0015625
0 0.38125 0.70625 0.0015625 0.0015625
0 0.4015625 0.7125 0.00625 0.00625
0 0.4171875 0.7171875 0.0046875 0.0046875
0 0.4234375 0.725 0.0078125 0.0078125
0 0.4328125 0.721875 0.00625 0.0078125
0 0.4421875 0.725 0.00625 0.0046875
0 0.396875 0.7359375 0.00625 0.00625
0 0.39375 0.7453125 0.00625 0.00625
0 0.42096856562499996 0.7392850625 0.420425278125 0.7365660093749999 0.41832456562500003 0.7353696249999999 0.41648550625 0.7357246375 0.41528215625 0.7371460734374999 0.4140869234375 0.73888626875 0.414268021875 0.7410252578125001 0.41683958125 0.742765453125 0.41959223906250004 0.741822846875 0.42096856562499996 0.7392850625
0 0.407494121875 0.733881678125 0.40767521718750005 0.7364557171875 0.4090153265625 0.7383409265624999 0.412419928125 0.7392835328125 0.4143757640625 0.7384859453125 0.41648550625 0.7357246375 0.416694703125 0.733665684375 0.415028625 0.7318892359375 0.413181446875 0.7311278999999999 0.4111169546875 0.7305840890625 0.409450871875 0.7311641546875001 0.407494121875 0.733881678125
0 0.40753034218749995 0.735186825 0.4090153265625 0.7330478359375 0.40988458593750005 0.730800084375 0.4074637671875 0.728768115625 0.4054296296875 0.72855233125 0.4033289171875 0.7295674453125 0.40293050781249995 0.7312713859375 0.40369110937499997 0.7334103765625 0.40513987812499996 0.735186825 0.40753034218749995 0.735186825
0 0.429919890625 0.7504975453125 0.4311151234375 0.7487210953125001 0.43024586249999996 0.746292075 0.4283986859375 0.7448056578125 0.4259720015625 0.7442981015625 0.42470433124999996 0.7451319437499999 0.4232246359375 0.7474094203125 0.42376263124999997 0.7486848421875 0.42517517812500005 0.750280021875 0.42684126093749997 0.7520564703125 0.42825380781250005 0.7519114546875 0.429919890625 0.7504975453125
0 0.426660165625 0.7532166 0.426660165625 0.75216523125 0.4256822484375 0.7507513234375 0.42441457656250003 0.7496274484375001 0.42240941875000004 0.749800725 0.42133595 0.751512659375 0.42187923749999995 0.7537604109375 0.4237988515625 0.754811778125 0.425718465625 0.754376728125 0.426660165625 0.7532166
0 0.44375 0.753125 0.0046875 0.0046875
0 0.453125 0.7484375 0.003125 0.0046875
0 0.459375 0.7484375 0.0078125 0.0078125
0 0.453125 0.7578125 0.0046875 0.003125
0 0.44375 0.765625 0.0078125 0.0078125
0 0.4625 0.759375 0.00625 0.00625
0 0.465625 0.771875 0.00625 0.00625
0 0.4578125 0.778125 0.00625 0.0046875
0 0.453125 0.7828125 0.0046875 0.0046875
0 0.4359375 0.78125 0.0046875 0.0046875
0 0.4453125 0.7984375 0.00625 0.00625
0 0.4703125 0.796875 0.0078125 0.0078125
0 0.4828125 0.8015625 0.00625 0.00625
0 0.496875 0.8125 0.0046875 0.0046875
0 0.4771673484375 0.8131411640625 0.47720356875 0.810857159375 0.47448713124999997 0.80893569375 0.47115941875 0.8099094203125 0.46985107656249997 0.8111109375 0.47104630781249995 0.814156278125 0.4742335953125 0.814990121875 0.47579102031250003 0.8144100578125 0.4771673484375 0.8131411640625
0 0.4804632921875 0.8180354624999999 0.48133255156250004 0.8159327281250001 0.47973890625 0.8137937375 0.4776811578125 0.8126811593750001 0.474885540625 0.8144100578125 0.4745957890625 0.8158964718749999 0.474885540625 0.8187242890625 0.47836257968749996 0.818905559375 0.4804632921875 0.8180354624999999
0 0.469630059375 0.8171788031249999 0.46832616875 0.8150760671875 0.46436594062500003 0.8144746375 0.463472803125 0.8158011484375001 0.465283759375 0.8168887703125 0.4674931296875 0.817360071875 0.468941896875 0.8188827421875 0.469630059375 0.8171788031249999
0 0.45 0.8046875 0.003125 0.003125
0 0.446875 0.8078125 0.0015625 0.003125
0 0.45625 0.8125 0.0046875 0.003125
0 0.4515625 0.821875 0.003125 0.003125
0 0.440625 0.825 0.00625 0.003125
0 0.446875 0.825 0.003125 0.003125
0 0.4515625 0.8296875 0.003125 0.003125
0 0.459375 0.8328125 0.0046875 0.003125
0 0.475 0.8265625 0.0046875 0.0046875
0 0.4828125 0.828125 0.00625 0.0046875
0 0.4953125 0.8296875 0.0046875 0.0046875
0 0.509375 0.8296875 0.00625 0.0046875
0 0.5046875 0.8359375 0.0046875 0.003125
0 0.525 0.8328125 0.0046875 0.003125
0 0.5265625 0.8171875 0.0078125 0.00625
0 0.5359375 0.8125 0.0046875 0.003125
0 0.540625 0.8171875 0.00625 0.0046875
0 0.525 0.80625 0.00625 0.00625
0 0.546875 0.80625 0.0046875 0.0046875
0 0.54375 0.809375 0.00625 0.0046875
0 0.5609375 0.803125 0.00625 0.0046875
0 0.559375 0.7953125 0.009375 0.0078125
0 0.5515625 0.784375 0.0078125 0.0078125
0 0.5484375 0.7671875 0.00625 0.00625
0 0.56875 0.7671875 0.00625 0.00625
0 0.5625 0.7578125 0.0078125 0.00625
0 0.553125 0.759375 0.00625 0.00625
0 0.5484375 0.753125 0.00625 0.0046875
0 0.5578125 0.74375 0.0046875 0.0046875
0 0.5625 0.7453125 0.003125 0.003125
0 0.5640625 0.7390625 0.00625 0.0046875
0 0.5734375 0.734375 0.0015625 0.003125
0 0.590625 0.7328125 0.0078125 0.00625
0 0.596875 0.7328125 0.003125 0.003125
0 0.603125 0.7390625 0.0078125 0.00625
0 0.6078125 0.7328125 0.0046875 0.0046875
0 0.603125 0.725 0.0046875 0.0046875
0 0.6 0.7203125 0.003125 0.0046875
0 0.5953125 0.7140625 0.00625 0.0046875
0 0.603125 0.709375 0.0015625 0.003125
0 0.6234375 0.7109375 0.00625 0.00625
0 0.63125 0.7125 0.0046875 0.0046875
0 0.6203125 0.725 0.003125 0.003125
0 0.6234375 0.7390625 0.003125 0.003125
0 0.6171875 0.75 0.0046875 0.0046875
0 0.625 0.753125 0.0046875 0.0046875
0 0.646875 0.734375 0.0046875 0.0046875
0 0.6609375 0.73125 0.00625 0.0046875
0 0.659375 0.74375 0.0046875 0.0046875
0 0.659375 0.75 0.0046875 0.003125
0 0.6765625 0.7265625 0.00625 0.00625
0 0.671875 0.715625 0.0015625 0.0015625
0 0.6671875 0.721875 0.0015625 0.0015625
0 0.653125 0.71875 0.0046875 0.00625
0 0.646875 0.71875 0.003125 0.0046875
0 0.6421875 0.70625 0.00625 0.00625
0 0.6359375 0.703125 0.0015625 0.003125
0 0.70625 0.7109375 0.0046875 0.003125
0 0.7078125 0.715625 0.003125 0.0015625
0 0.7109375 0.7265625 0.003125 0.0046875
0 0.7203125 0.7359375 0.003125 0.003125
0 0.721875 0.7421875 0.0046875 0.003125
0 0.7046875 0.7421875 0.0046875 0.003125
0 0.7125 0.75 0.00625 0.00625
0 0.709375 0.765625 0.0046875 0.003125
0 0.69375 0.7484375 0.0046875 0.0046875
0 0.703125 0.7546875 0.0015625 0.0015625
0 0.690625 0.7625 0.0046875 0.0046875
0 0.6765625 0.7625 0.0046875 0.0046875
0 0.6765625 0.7671875 0.0046875 0.0046875
0 0.6859375 0.771875 0.003125 0.0046875
0 0.690625 0.7703125 0.003125 0.0046875
0 0.68125 0.771875 0.003125 0.0046875
0 0.6640625 0.7640625 0.003125 0.003125
0 0.6578125 0.76875 0.003125 0.0046875
0 0.6625 0.7703125 0.0046875 0.0046875
0 0.659375 0.775 0.003125 0.0015625
0 0.653125 0.7765625 0.003125 0.00625
0 0.646875 0.784375 0.0046875 0.0046875
0 0.653125 0.7921875 0.0046875 0.0046875
0 0.6375 0.7703125 0.0046875 0.0046875
0 0.6359375 0.778125 0.0046875 0.0046875
0 0.628125 0.7765625 0.003125 0.003125
0 0.61875 0.7734375 0.00625 0.00625
0 0.6109375 0.7765625 0.00625 0.0046875
0 0.6 0.7734375 0.0046875 0.0046875
0 0.6078125 0.7625 0.003125 0.003125
0 0.5890625 0.7578125 0.003125 0.0046875
0 0.6125 0.75 0.0015625 0.0046875
0 0.571875 0.73125 0.0015625 0.0015625
0 0.5640625 0.715625 0.0109375 0.0078125
0 0.5421875 0.715625 0.00625 0.009375
0 0.534375 0.7203125 0.003125 0.003125
0 0.528125 0.7171875 0.0046875 0.0046875
0 0.5203125 0.715625 0.00625 0.00625
0 0.50625 0.7234375 0.0015625 0.0015625
0 0.509375 0.734375 0.00625 0.00625
0 0.51875 0.7421875 0.0078125 0.00625
0 0.5203125 0.7484375 0.0046875 0.0046875
0 0.5046875 0.74375 0.00625 0.00625
0 0.496875 0.7265625 0.0046875 0.0046875
0 0.4921875 0.71875 0.0046875 0.0046875
0 0.4703125 0.7390625 0.00625 0.00625
0 0.4875 0.753125 0.0046875 0.00625
0 0.46875 0.7578125 0.003125 0.00625
0 0.4078125 0.76875 0.0078125 0.009375
0 0.41875 0.7640625 0.003125 0.003125
0 0.4046875 0.78125 0.00625 0.00625
0 0.396875 0.7796875 0.0046875 0.0046875
0 0.390625 0.7703125 0.00625 0.00625
0 0.3859375 0.765625 0.00625 0.00625
0 0.38125 0.78125 0.0078125 0.0078125
0 0.39375 0.790625 0.0046875 0.00625
0 0.40625 0.8 0.0046875 0.0046875
0 0.4203125 0.80625 0.00625 0.00625
0 0.4 0.8125 0.003125 0.003125
0 0.3953125 0.803125 0.0078125 0.0078125
0 0.3875 0.8109375 0.00625 0.00625
0 0.3796875 0.8140625 0.0046875 0.0046875
0 0.3796875 0.796875 0.003125 0.003125
0 0.3625 0.8046875 0.0046875 0.0046875
0 0.353125 0.79375 0.0046875 0.0046875
0 0.3515625 0.7890625 0.003125 0.003125
0 0.346875 0.7984375 0.0046875 0.0046875
0 0.3140625 0.7703125 0.0046875 0.0046875
0 0.3328125 0.765625 0.0046875 0.00625
0 0.34375 0.775 0.003125 0.003125
0 0.321875 0.75625 0.00625 0.00625
0 0.3125 0.746875 0.0046875 0.0046875
0 0.296875 0.75 0.00625 0.0078125
0 0.290625 0.7453125 0.0046875 0.0046875
0 0.30625 0.734375 0.00625 0.00625
0 0.2921875 0.7265625 0.003125 0.003125
0 0.2984375 0.71875 0.0046875 0.00625
0 0.303125 0.71875 0.0046875 0.00625
0 0.2875 0.7125 0.0046875 0.0046875
0 0.30625 0.7125 0.00625 0.0046875
0 0.3078125 0.70625 0.00625 0.00625
0 0.2546875 0.6890625 0.00625 0.00625
0 0.25625 0.7015625 0.00625 0.0078125
0 0.240625 0.7046875 0.0046875 0.00625
0 0.2140625 0.6734375 0.00625 0.0078125
0 0.2234375 0.68125 0.003125 0.0046875
0 0.2328125 0.675 0.00625 0.009375
0 0.2140625 0.6609375 0.003125 0.003125
0 0.20625 0.65625 0.003125 0.00625
0 0.2046875 0.6390625 0.0046875 0.0046875
0 0.2125 0.64375 0.0109375 0.009375
0 0.221875 0.64375 0.0046875 0.0046875
0 0.2390625 0.6390625 0.0078125 0.0078125
0 0.215625 0.628125 0.0109375 0.0046875
0 0.2046875 0.6265625 0.00625 0.0046875
0 0.2140625 0.61875 0.0015625 0.003125
0 0.2359375 0.6078125 0.0078125 0.00625
0 0.19375 0.590625 0.003125 0.003125
0 0.196875 0.596875 0.0109375 0.00625
0 0.1890625 0.60625 0.0046875 0.0046875
0 0.18125 0.60625 0.0046875 0.00625
0 0.1890625 0.6140625 0.0046875 0.00625
0 0.203125 0.6203125 0.003125 0.003125
0 0.196875 0.584375 0.00625 0.00625
0 0.209375 0.578125 0.003125 0.0046875
0 0.1921875 0.578125 0.00625 0.00625
0 0.196875 0.55625 0.0078125 0.009375
0 0.209375 0.534375 0.0015625 0.003125
0 0.1890625 0.4671875 0.0078125 0.0078125
0 0.221875 0.41875 0.003125 0.003125
0 0.234375 0.4140625 0.0015625 0.0015625
0 0.2328125 0.4140625 0.0015625 0.0015625
0 0.2109375 0.390625 0.003125 0.0015625
0 0.3515625 0.2015625 0.00625 0.0078125
0 0.525 0.228125 0.0109375 0.009375
0 0.496875 0.2390625 0.0078125 0.0078125
0 0.509375 0.2390625 0.0078125 0.0078125
0 0.515625 0.2484375 0.0109375 0.0078125
0 0.5078125 0.253125 0.0046875 0.00625
0 0.49375 0.271875 0.0078125 0.0078125
0 0.4984375 0.278125 0.0015625 0.003125
0 0.4734375 0.2734375 0.0046875 0.0046875
0 0.478125 0.26875 0.003125 0.003125
0 0.4984375 0.2890625 0.00625 0.0078125
0 0.5203125 0.2796875 0.009375 0.009375
0 0.525 0.26875 0.003125 0.003125
0 0.5421875 0.28125 0.0078125 0.0078125
0 0.553125 0.290625 0.003125 0.003125
0 0.5265625 0.3015625 0.00625 0.00625
0 0.51875 0.3046875 0.00625 0.00625
0 0.5078125 0.2984375 0.0046875 0.00625
0 0.503125 0.303125 0.0046875 0.00625
0 0.4796875 0.3171875 0.00625 0.00625
0 0.4828125 0.3265625 0.0078125 0.0078125
0 0.4703125 0.3328125 0.0046875 0.00625
0 0.4609375 0.340625 0.0046875 0.0046875
0 0.44375 0.3203125 0.009375 0.009375
0 0.409375 0.3328125 0.003125 0.003125
0 0.409375 0.3359375 0.003125 0.003125
0 0.3953125 0.33125 0.0046875 0.00625
0 0.3578125 0.3421875 0.0046875 0.00625
0 0.36875 0.346875 0.0078125 0.009375
0 0.3609375 0.3625 0.0046875 0.003125
0 0.3671875 0.3765625 0.00625 0.00625
0 0.365625 0.3890625 0.009375 0.00625
0 0.35625 0.38125 0.0046875 0.0046875
0 0.353125 0.3875 0.0078125 0.0078125
0 0.3296875 0.39375 0.00625 0.00625
0 0.325 0.371875 0.0046875 0.00625
0 0.303125 0.3859375 0.00625 0.00625
0 0.2875 0.40625 0.0046875 0.0046875
0 0.31875 0.4046875 0.00625 0.00625
0 0.3015625 0.4109375 0.0078125 0.0078125
0 0.3 0.4171875 0.00625 0.00625
0 0.3234375 0.4203125 0.00625 0.00625
0 0.315625 0.421875 0.0078125 0.0078125
0 0.3453125 0.4171875 0.00625 0.00625
0 0.353125 0.4140625 0.0046875 0.0046875
0 0.3703125 0.425 0.003125 0.003125
0 0.365625 0.4328125 0.00625 0.00625
0 0.3875 0.415625 0.00625 0.00625
0 0.409375 0.40625 0.0078125 0.009375
0 0.4265625 0.4015625 0.0078125 0.0078125
0 0.43125 0.3875 0.00625 0.00625
0 0.4234375 0.3796875 0.0046875 0.00625
0 0.4078125 0.38125 0.0078125 0.0078125
0 0.3953125 0.38125 0.0046875 0.0046875
0 0.4109375 0.3640625 0.009375 0.0078125
0 0.434375 0.3578125 0.0078125 0.00625
0 0.44375 0.35625 0.0078125 0.009375
0 0.459375 0.3609375 0.00625 0.00625
0 0.4703125 0.353125 0.0046875 0.0046875
0 0.4859375 0.35625 0.00625 0.00625
0 0.5 0.3515625 0.003125 0.003125
0 0.5046875 0.3671875 0.0046875 0.00625
0 0.51875 0.34375 0.0078125 0.0078125
0 0.4932393484375 0.341677428125 0.4952941828125 0.34245568125000003 0.49757115937499996 0.341510659375 0.49929277812499995 0.3392314875 0.50112546875 0.3372858515625 0.5024583328125 0.33534021875 0.501347609375 0.332060434375 0.4988484875 0.33128217968749996 0.495361109375 0.33286111093750004 0.4944611421875 0.333728121875 0.49251737812499996 0.3352290390625 0.491462196875 0.33734144375 0.49140665781250004 0.33978738124999996 0.4932393484375 0.341677428125
0 0.5390625 0.35 0.00625 0.00625
0 0.56875 0.359375 0.00625 0.0078125
0 0.5708421265625 0.34879025625 0.570613490625 0.35036364999999997 0.5693845671875 0.3508499703125 0.568155646875 0.3494196140625 0.5667838265625 0.3489905078125 0.567183940625 0.3503350421875 0.568155646875 0.3526236125 0.5709278656250001 0.353596253125 0.5728712796875 0.353682075 0.575214803125 0.3525950046875 0.5753005421874999 0.3497629 0.5737000859375 0.3467877578125 0.5708491046875 0.345611865625 0.5708135484375 0.34575790156249997 0.5688987156249999 0.3461584015625 0.5697275234375 0.3469880078125 0.57132798125 0.347617365625 0.5708421265625 0.34879025625
0 0.55625 0.340625 0.00625 0.0046875
0 0.5734375 0.371875 0.0046875 0.00625
0 0.5765625 0.3703125 0.0015625 0.0015625
0 0.59375 0.36875 0.0046875 0.0046875
0 0.5984375 0.36875 0.0015625 0.0015625
0 0.5875 0.3640625 0.0046875 0.00625
0 0.5953125 0.35 0.00625 0.00625
0 0.603125 0.3484375 0.0015625 0.0015625
0 0.6140625 0.3796875 0.0015625 0.0015625
0 0.6171875 0.3828125 0.0015625 0.0015625
0 0.628125 0.3765625 0.0015625 0.0015625
0 0.6359375 0.3828125 0.0015625 0.0015625
0 0.6375 0.3890625 0.003125 0.003125
0 0.628125 0.3953125 0.00625 0.0046875
0 0.6265625 0.4 0.0015625 0.0015625
0 0.6390625 0.3921875 0.0015625 0.0015625
0 0.6484375 0.38125 0.0078125 0.00625
0 0.6625 0.384375 0.003125 0.003125
0 0.671875 0.3796875 0.003125 0.0046875
0 0.6703125 0.3859375 0.003125 0.003125
0 0.6828125 0.375 0.003125 0.0015625
0 0.6796875 0.375 0.0015625 0.0015625
0 0.6921875 0.36875 0.0046875 0.0046875
0 0.7 0.3765625 0.00625 0.00625
0 0.6984375 0.38125 0.0015625 0.0015625
0 0.690625 0.403125 0.003125 0.0015625
0 0.7125 0.409375 0.009375 0.009375
0 0.7046875 0.409375 0.0015625 0.0015625
0 0.7140625 0.428125 0.00625 0.00625
0 0.71875 0.425 0.0015625 0.0015625
0 0.70625 0.43125 0.0046875 0.0046875
0 0.7078125 0.428125 0.003125 0.003125
0 0.6953125 0.4296875 0.003125 0.003125
0 0.6828125 0.44375 0.0046875 0.0046875
0 0.665625 0.4453125 0.0046875 0.0046875
0 0.6734375 0.4546875 0.00625 0.00625
0 0.659375 0.45 0.0015625 0.0015625
0 0.6796875 0.4671875 0.00625 0.0046875
0 0.6859375 0.4734375 0.00625 0.00625
0 0.69375 0.484375 0.0078125 0.0078125
0 0.7078125 0.484375 0.0078125 0.0078125
0 0.728125 0.4875 0.003125 0.003125
0 0.73125 0.4921875 0.003125 0.0015625
0 0.7359375 0.5046875 0.0046875 0.0046875
0 0.7203125 0.5109375 0.0046875 0.0046875
0 0.7140625 0.5015625 0.0046875 0.0046875
0 0.715625 0.5203125 0.00625 0.00625
0 0.728125 0.5234375 0.0046875 0.0046875
0 0.74375 0.5234375 0.0046875 0.003125
0 0.74375 0.5328125 0.00625 0.00625
0 0.746875 0.5484375 0.00625 0.00625
0 0.75625 0.559375 0.00625 0.00625
0 0.7453125 0.56875 0.00625 0.00625
0 0.7390625 0.5796875 0.00625 0.00625
0 0.7171875 0.590625 0.0078125 0.00625
0 0.6921875 0.5984375 0.00625 0.00625
0 0.684375 0.5984375 0.00625 0.00625
0 0.6875 0.60625 0.00625 0.00625
0 0.6671875 0.6015625 0.0046875 0.0046875
0 0.65625 0.596875 0.0078125 0.00625
0 0.6625 0.6046875 0.0015625 0.0015625
0 0.66875 0.6109375 0.0109375 0.009375
0 0.68125 0.60625 0.003125 0.0015625
0 0.6890625 0.6140625 0.003125 0.003125
0 0.6640625 0.6203125 0.0046875 0.0046875
0 0.646875 0.6328125 0.0046875 0.0078125
0 0.653125 0.6328125 0.003125 0.003125
0 0.6265625 0.6265625 0.003125 0.003125
0 0.63125 0.640625 0.0078125 0.0078125
0 0.625 0.646875 0.0046875 0.00625
0 0.61875 0.659375 0.00625 0.0078125
0 0.609375 0.6671875 0.0078125 0.00625
0 0.6015625 0.659375 0.00625 0.00625
0 0.6015625 0.6484375 0.003125 0.003125
0 0.5953125 0.6453125 0.0046875 0.00625
0 0.58125 0.6421875 0.00625 0.0078125
0 0.5765625 0.6390625 0.003125 0.003125
0 0.5875 0.63125 0.003125 0.003125
0 0.6 0.6203125 0.0015625 0.003125
0 0.6 0.625 0.0078125 0.00625
0 0.5671875 0.61875 0.00625 0.00625
0 0.534375 0.625 0.003125 0.003125
0 0.51875 0.628125 0.0015625 0.0015625
0 0.5125 0.621875 0.0015625 0.0015625
0 0.5484375 0.64375 0.0078125 0.009375
0 0.5328125 0.659375 0.0046875 0.0046875
0 0.5296875 0.6609375 0.003125 0.0046875
0 0.5234375 0.6703125 0.0078125 0.00625
0 0.55 0.671875 0.0046875 0.003125
0 0.5609375 0.6765625 0.0015625 0.0015625
0 0.5359375 0.6859375 0.0078125 0.00625
0 0.5453125 0.690625 0.003125 0.003125
0 0.53125 0.6953125 0.0015625 0.0015625
0 0.55 0.7015625 0.003125 0.003125
0 0.525 0.709375 0.0015625 0.0015625
0 0.55 0.7140625 0.0015625 0.0015625
0 0.5390625 0.7234375 0.0015625 0.0015625
0 0.53125 0.7296875 0.0015625 0.0015625
0 0.4296875 0.740625 0.003125 0.003125
0 0.4109375 0.7515625 0.003125 0.0015625
0 0.375 0.7578125 0.0046875 0.0046875
0 0.3578125 0.76875 0.0046875 0.0046875
0 0.346875 0.753125 0.00625 0.00625
0 0.259375 0.6703125 0.00625 0.0078125
0 0.26875 0.66875 0.00625 0.00625
0 0.28125 0.6796875 0.003125 0.0015625
0 0.2875 0.671875 0.0015625 0.003125
0 0.3046875 0.6765625 0.00625 0.00625
0 0.2890625 0.659375 0.003125 0.003125
0 0.2984375 0.6578125 0.0046875 0.0046875
0 0.3015625 0.6515625 0.00625 0.00625
0 0.2796875 0.646875 0.0078125 0.00625
0 0.2734375 0.6390625 0.00625 0.00625
0 0.259375 0.6375 0.003125 0.003125
0 0.2578125 0.6265625 0.00625 0.00625
0 0.284375 0.621875 0.0046875 0.00625
0 0.3015625 0.61875 0.00625 0.00625
0 0.3125 0.6125 0.0078125 0.0078125
0 0.321875 0.621875 0.0078125 0.0078125
0 0.3109375 0.6296875 0.00625 0.00625
0 0.3078125 0.6390625 0.00625 0.00625
0 0.3140625 0.6453125 0.003125 0.003125
0 0.2890625 0.6546875 0.0015625 0.0015625
0 0.29375 0.6359375 0.0015625 0.0015625
0 0.303125 0.634375 0.0015625 0.0015625
0 0.3015625 0.640625 0.0015625 0.0015625
0 0.265625 0.6359375 0.0015625 0.0015625
0 0.2578125 0.6453125 0.0015625 0.0015625
0 0.209375 0.503125 0.003125 0.003125
0 0.4203125 0.4265625 0.00625 0.00625
0 0.4234375 0.45 0.009375 0.0078125
0 0.43125 0.4546875 0.00625 0.0078125
0 0.4421875 0.45625 0.009375 0.009375
0 0.4765625 0.4375 0.0078125 0.0078125
0 0.4421875 0.1703125 0.00625 0.0046875
0 0.45 0.1703125 0.00625 0.0046875
0 0.4609375 0.171875 0.00625 0.00625
0 0.3515625 0.4890625 0.003125 0.003125
0 0.3515625 0.4921875 0.003125 0.003125
0 0.334375 0.4859375 0.0015625 0.0015625
0 0.303125 0.5046875 0.0015625 0.0015625
0 0.290625 0.515625 0.0015625 0.0015625
0 0.29375 0.5140625 0.0015625 0.003125
0 0.2953125 0.5265625 0.003125 0.0046875
0 0.303125 0.5328125 0.00625 0.00625
0 0.321875 0.534375 0.003125 0.003125
0 0.3203125 0.53125 0.0015625 0.0015625
0 0.34375 0.5421875 0.009375 0.009375
0 0.3359375 0.5328125 0.00625 0.00625
0 0.3296875 0.525 0.00625 0.0046875
0 0.315625 0.5109375 0.00625 0.00625
0 0.3078125 0.5546875 0.00625 0.0078125
0 0.315625 0.5703125 0.0078125 0.0078125
0 0.30625 0.5703125 0.0046875 0.0046875
0 0.3015625 0.575 0.00625 0.00625
0 0.2984375 0.58125 0.0046875 0.00625
0 0.2859375 0.578125 0.0046875 0.0046875
0 0.2796875 0.5765625 0.0046875 0.00625
0 0.2828125 0.571875 0.0015625 0.0015625
0 0.275 0.578125 0.0015625 0.0015625
0 0.2609375 0.58125 0.0078125 0.0078125
0 0.246875 0.578125 0.0046875 0.0046875
0 0.26875 0.590625 0.009375 0.0109375
0 0.2859375 0.5953125 0.00625 0.00625
0 0.2875 0.6046875 0.0046875 0.00625
0 0.2703125 0.6015625 0.0078125 0.00625
0 0.2671875 0.60625 0.0046875 0.0046875
0 0.2984375 0.590625 0.00625 0.00625
0 0.3125 0.5765625 0.003125 0.003125
0 0.3296875 0.58125 0.0046875 0.00625
0 0.3359375 0.58125 0.0046875 0.00625
0 0.4046875 0.5015625 0.009375 0.0078125
0 0.4171875 0.503125 0.00625 0.0078125
0 0.390625 0.490625 0.003125 0.0046875
0 0.4421875 0.4921875 0.0015625 0.003125
0 0.4546875 0.5 0.0046875 0.0046875
0 0.45 0.503125 0.0015625 0.003125
0 0.4484375 0.50625 0.0015625 0.0015625
0 0.4515625 0.5125 0.0015625 0.0015625
0 0.471875 0.5140625 0.0015625 0.0015625
0 0.46875 0.5125 0.0015625 0.003125
0 0.478125 0.503125 0.0015625 0.0015625
0 0.4796875 0.5078125 0.0015625 0.0015625
0 0.46875 0.5234375 0.003125 0.0015625
0 0.4796875 0.5234375 0.0015625 0.003125
0 0.48125 0.5296875 0.003125 0.003125
0 0.490625 0.528125 0.00625 0.0046875
0 0.496875 0.525 0.00625 0.00625
0 0.4953125 0.515625 0.003125 0.003125
0 0.5015625 0.5171875 0.0046875 0.0046875
0 0.5109375 0.5140625 0.0078125 0.0078125
0 0.50625 0.509375 0.003125 0.0015625
0 0.503125 0.5046875 0.00625 0.00625
0 0.509375 0.4984375 0.00625 0.00625
0 0.521875 0.5 0.00625 0.0078125
0 0.521875 0.509375 0.00625 0.00625
0 0.5171875 0.5 0.0015625 0.0015625
0 0.515625 0.496875 0.0015625 0.0015625
0 0.5125 0.490625 0.0015625 0.0015625
0 0.5 0.49375 0.0015625 0.0015625
0 0.5078125 0.484375 0.0078125 0.0078125
0 0.50625 0.478125 0.0015625 0.0015625
0 0.4765625 0.478125 0.003125 0.0046875
0 0.4828125 0.484375 0.00625 0.00625
0 0.4625 0.471875 0.0015625 0.0015625
0 0.4734375 0.4765625 0.0015625 0.0015625
0 0.471875 0.48125 0.0015625 0.0015625
0 0.478125 0.4828125 0.0015625 0.0015625
0 0.475 0.4875 0.0015625 0.0015625
0 0.4828125 0.4953125 0.0015625 0.0015625
0 0.49375 0.4859375 0.0015625 0.0015625
0 0.50625 0.4640625 0.00625 0.00625
0 0.4859375 0.4578125 0.0078125 0.009375
0 0.48125 0.4578125 0.0015625 0.0015625
0 0.475 0.459375 0.00625 0.00625
0 0.4796875 0.45 0.0015625 0.0015625
0 0.4671875 0.4515625 0.00625 0.00625
0 0.46875 0.44375 0.0046875 0.0046875
0 0.453125 0.453125 0.0015625 0.003125
0 0.459375 0.4546875 0.0015625 0.003125
0 0.4390625 0.425 0.0046875 0.0078125
0 0.4453125 0.434375 0.0015625 0.0015625
0 0.45625 0.4375 0.0015625 0.0015625
0 0.44375 0.44375 0.0015625 0.0015625
0 0.4453125 0.446875 0.0015625 0.0015625
0 0.4375 0.446875 0.0015625 0.0015625
0 0.440625 0.446875 0.0015625 0.0015625
0 0.4109375 0.4390625 0.0015625 0.003125
0 0.4171875 0.44375 0.0015625 0.003125
0 0.425 0.4453125 0.0015625 0.0015625
0 0.4484375 0.3734375 0.0046875 0.00625
0 0.4515625 0.390625 0.00625 0.00625
0 0.453125 0.396875 0.0078125 0.00625
0 0.453125 0.409375 0.00625 0.00625
0 0.44375 0.4109375 0.0046875 0.0046875
0 0.496875 0.40625 0.009375 0.0078125
0 0.525 0.4796875 0.0046875 0.00625
0 0.525 0.484375 0.0015625 0.0015625
0 0.525 0.4828125 0.0015625 0.0015625
0 0.5359375 0.4890625 0.0015625 0.0015625
0 0.5359375 0.490625 0.003125 0.003125
0 0.540625 0.48125 0.0015625 0.0015625
0 0.55 0.4796875 0.0078125 0.0078125
0 0.5484375 0.496875 0.00625 0.00625
0 0.5625 0.496875 0.0078125 0.0109375
0 0.56875 0.4953125 0.0015625 0.0015625
0 0.5703125 0.5 0.0015625 0.0015625
0 0.5703125 0.5015625 0.0015625 0.0015625
0 0.578125 0.4921875 0.0078125 0.0078125
0 0.5875 0.503125 0.0015625 0.0015625
0 0.58125 0.509375 0.0015625 0.0015625
0 0.5828125 0.509375 0.0015625 0.0015625
0 0.5640625 0.5078125 0.0015625 0.0015625
0 0.55625 0.5125 0.0109375 0.0078125
0 0.5625 0.528125 0.0046875 0.00625
0 0.5609375 0.5359375 0.0015625 0.0015625
0 0.575 0.5359375 0.0015625 0.0015625
0 0.578125 0.5359375 0.003125 0.003125
0 0.5796875 0.53125 0.0015625 0.0015625
0 0.575 0.5296875 0.0015625 0.0015625
0 0.5640625 0.5375 0.0015625 0.0015625
0 0.5625 0.54375 0.0015625 0.0015625
0 0.5546875 0.54375 0.0015625 0.0015625
0 0.5546875 0.5484375 0.0015625 0.0015625
0 0.5578125 0.553125 0.0046875 0.00625
0 0.559375 0.55625 0.0015625 0.0015625
0 0.5609375 0.553125 0.0015625 0.0015625
0 0.55 0.5546875 0.0015625 0.0015625
0 0.546875 0.5453125 0.0078125 0.0078125
0 0.565625 0.553125 0.00625 0.00625
0 0.559375 0.5609375 0.003125 0.003125
0 0.5484375 0.5609375 0.00625 0.00625
0 0.5265625 0.565625 0.00625 0.00625
0 0.5265625 0.571875 0.003125 0.0046875
0 0.5328125 0.571875 0.0015625 0.0015625
0 0.540625 0.5734375 0.0015625 0.0015625
0 0.5359375 0.5703125 0.0015625 0.0015625
0 0.5390625 0.5796875 0.0015625 0.0015625
0 0.534375 0.58125 0.0015625 0.0015625
0 0.5375 0.5828125 0.0015625 0.0015625
0 0.540625 0.5828125 0.0015625 0.0015625
0 0.5484375 0.578125 0.0015625 0.0015625
0 0.546875 0.58125 0.0078125 0.00625
0 0.5234375 0.5796875 0.0015625 0.0015625
0 0.5203125 0.584375 0.00625 0.00625
0 0.5140625 0.5875 0.0015625 0.0015625
0 0.5203125 0.5890625 0.0015625 0.0015625
0 0.5109375 0.575 0.0015625 0.0015625
0 0.4953125 0.571875 0.0015625 0.0015625
0 0.496875 0.578125 0.0015625 0.0015625
0 0.4734375 0.5671875 0.00625 0.00625
0 0.471875 0.5734375 0.003125 0.003125
0 0.4796875 0.6125 0.003125 0.003125
0 0.496875 0.6015625 0.0046875 0.0046875
0 0.5 0.5984375 0.003125 0.003125
0 0.4875 0.5984375 0.0015625 0.003125
0 0.4859375 0.6015625 0.0015625 0.0015625
0 0.4875 0.603125 0.0015625 0.0015625
0 0.49375 0.6046875 0.0015625 0.0015625
0 0.503125 0.60625 0.0015625 0.0015625
0 0.5015625 0.5984375 0.0015625 0.0015625
0 0.5 0.6171875 0.0015625 0.0015625
0 0.5046875 0.615625 0.0015625 0.0015625
0 0.509375 0.6109375 0.0015625 0.0015625
0 0.509375 0.6078125 0.0015625 0.0015625
0 0.5046875 0.60625 0.0015625 0.0015625
0 0.50625 0.609375 0.0015625 0.003125
0 0.4796875 0.5875 0.0015625 0.0015625
0 0.4671875 0.58125 0.0015625 0.0015625
0 0.4640625 0.5828125 0.0015625 0.0015625
0 0.4671875 0.575 0.0046875 0.0046875
0 0.471875 0.578125 0.0015625 0.0015625
0 0.475 0.58125 0.0015625 0.0015625
0 0.4796875 0.5796875 0.0015625 0.0015625
0 0.484375 0.58125 0.0015625 0.0015625
0 0.4859375 0.578125 0.0015625 0.0015625
0 0.46875 0.5703125 0.0015625 0.0015625
0 0.4640625 0.5640625 0.003125 0.0015625
0 0.45625 0.56875 0.0015625 0.0015625
0 0.434375 0.5734375 0.0015625 0.0015625
0 0.4421875 0.5890625 0.0015625 0.0015625
0 0.44375 0.5875 0.0015625 0.0015625
0 0.4484375 0.5890625 0.0015625 0.0015625
0 0.4453125 0.59375 0.0015625 0.0015625
0 0.4390625 0.5984375 0.0015625 0.0015625
0 0.41875 0.5640625 0.0046875 0.0046875
0 0.421875 0.559375 0.0015625 0.0015625
0 0.43125 0.5625 0.0015625 0.0015625
0 0.4359375 0.5640625 0.0015625 0.0015625
0 0.4109375 0.5609375 0.003125 0.003125
0 0.409375 0.5640625 0.0046875 0.0046875
0 0.4 0.5625 0.00625 0.00625
0 0.396875 0.565625 0.0015625 0.0015625
0 0.3921875 0.5671875 0.0015625 0.003125
0 0.3953125 0.5671875 0.0015625 0.0015625
0 0.3984375 0.5703125 0.0015625 0.0015625
0 0.384375 0.575 0.00625 0.00625
0 0.390625 0.5765625 0.0015625 0.0015625
0 0.3890625 0.575 0.0015625 0.0015625
0 0.3703125 0.5765625 0.003125 0.0015625
0 0.38125 0.5828125 0.0015625 0.0015625
0 0.3625 0.5890625 0.0015625 0.0015625
0 0.3671875 0.59375 0.0015625 0.0015625
0 0.3625 0.6015625 0.0078125 0.00625
0 0.36875 0.603125 0.0015625 0.0015625
0 0.353125 0.6046875 0.0015625 0.0015625
0 0.3359375 0.6015625 0.00625 0.00625
0 0.33125 0.60625 0.00625 0.00625
0 0.3390625 0.6140625 0.0078125 0.0078125
0 0.33125 0.6171875 0.00625 0.00625
0 0.340625 0.6203125 0.0015625 0.0015625
0 0.353125 0.6296875 0.0015625 0.003125
0 0.3484375 0.628125 0.0078125 0.0078125
0 0.259375 0.61875 0.003125 0.0015625
0 0.275 0.6171875 0.0015625 0.0015625
0 0.3 0.6046875 0.0015625 0.0015625
0 0.3125 0.6015625 0.0015625 0.0015625
0 0.3046875 0.590625 0.0015625 0.0015625
0 0.3078125 0.59375 0.0015625 0.0015625
0 0.2796875 0.5828125 0.003125 0.003125
0 0.3515625 0.465625 0.00625 0.00625
0 0.3546875 0.4640625 0.0015625 0.0015625
0 0.359375 0.4640625 0.0015625 0.0015625
0 0.3546875 0.4734375 0.0046875 0.0046875
0 0.3578125 0.4703125 0.0015625 0.0015625
0 0.3375 0.4671875 0.0015625 0.0015625
0 0.3453125 0.46875 0.0015625 0.0015625
0 0.3453125 0.4703125 0.0015625 0.0015625
0 0.340625 0.48125 0.003125 0.003125
0 0.3671875 0.478125 0.0015625 0.0015625
0 0.3640625 0.478125 0.0015625 0.0015625
0 0.3703125 0.4828125 0.0015625 0.0015625
0 0.3703125 0.484375 0.0015625 0.0015625
0 0.375 0.4875 0.0015625 0.0015625
0 0.3671875 0.4875 0.0015625 0.0015625
0 0.3796875 0.475 0.0015625 0.0015625
0 0.3828125 0.4734375 0.0015625 0.0015625
0 0.3875 0.475 0.0015625 0.0015625
0 0.378125 0.478125 0.0015625 0.0015625
0 0.3765625 0.46875 0.003125 0.0015625
0 0.378125 0.4640625 0.0046875 0.0046875
0 0.3828125 0.4640625 0.003125 0.003125
0 0.3828125 0.4671875 0.0015625 0.0015625
0 0.3953125 0.459375 0.003125 0.003125
0 0.39375 0.4625 0.0015625 0.0015625
0 0.3921875 0.465625 0.0015625 0.0015625
0 0.403125 0.471875 0.0015625 0.0015625
0 0.40625 0.4703125 0.0015625 0.0015625
0 0.4078125 0.4765625 0.003125 0.0015625
0 0.415625 0.478125 0.003125 0.003125
0 0.409375 0.4796875 0.0015625 0.0015625
0 0.4078125 0.4828125 0.0015625 0.0015625
0 0.409375 0.484375 0.0015625 0.0015625
0 0.4078125 0.4890625 0.0015625 0.0015625
0 0.3984375 0.4875 0.0015625 0.0015625
0 0.396875 0.4890625 0.0015625 0.0015625
0 0.3875 0.5 0.0015625 0.0015625
0 0.3890625 0.496875 0.0015625 0.0015625
0 0.384375 0.503125 0.0015625 0.0015625
0 0.3921875 0.5 0.0015625 0.0015625
0 0.3671875 0.5046875 0.0015625 0.0015625
0 0.3640625 0.51875 0.0015625 0.0015625
0 0.325 0.51875 0.0015625 0.0015625
0 0.3265625 0.5171875 0.0015625 0.0015625
0 0.340625 0.5203125 0.0015625 0.0015625
0 0.3171875 0.50625 0.0015625 0.0015625
0 0.30625 0.5140625 0.0015625 0.0015625
0 0.3109375 0.5140625 0.0015625 0.0015625
0 0.30625 0.515625 0.0015625 0.0015625
0 0.2984375 0.5171875 0.003125 0.0015625
0 0.296875 0.521875 0.0015625 0.0015625
0 0.30625 0.5265625 0.0015625 0.0015625
0 0.3015625 0.5234375 0.0015625 0.0015625
0 0.3125 0.53125 0.0015625 0.0015625
0 0.3125 0.528125 0.0015625 0.0015625
0 0.3 0.5375 0.003125 0.0015625
0 0.2984375 0.5421875 0.0015625 0.0015625
0 0.321875 0.54375 0.0015625 0.0015625
0 0.3234375 0.5390625 0.0015625 0.0015625
0 0.2921875 0.5453125 0.0015625 0.0015625
0 0.2796875 0.5375 0.0015625 0.0015625
0 0.2765625 0.5484375 0.0015625 0.0015625
0 0.2734375 0.5484375 0.0015625 0.0015625
0 0.28125 0.5609375 0.0015625 0.0015625
0 0.28125 0.565625 0.0015625 0.0015625
0 0.2890625 0.5625 0.0015625 0.0015625
0 0.290625 0.5640625 0.0015625 0.0015625
0 0.29375 0.565625 0.0015625 0.0015625
0 0.3015625 0.5609375 0.0015625 0.0015625
0 0.3046875 0.5640625 0.0015625 0.0015625
0 0.3671875 0.5390625 0.0078125 0.00625
0 0.3875 0.54375 0.00625 0.00625
0 0.38125 0.559375 0.0078125 0.0078125
0 0.3765625 0.5546875 0.0015625 0.0015625
0 0.3703125 0.55625 0.0015625 0.0015625
0 0.3734375 0.559375 0.0046875 0.00625
0 0.3671875 0.55 0.0015625 0.003125
0 0.375 0.5640625 0.0015625 0.0015625
0 0.396875 0.5546875 0.003125 0.003125
0 0.3984375 0.553125 0.0015625 0.0015625
0 0.4046875 0.5546875 0.0015625 0.0015625
0 0.4078125 0.55625 0.003125 0.003125
0 0.4109375 0.5546875 0.0015625 0.0015625
0 0.4171875 0.55625 0.0078125 0.009375
0 0.421875 0.5515625 0.0015625 0.0015625
0 0.403125 0.55 0.003125 0.003125
0 0.4140625 0.5484375 0.00625 0.0078125
0 0.4234375 0.546875 0.003125 0.003125
0 0.415625 0.540625 0.00625 0.00625
0 0.4078125 0.5390625 0.0015625 0.0015625
0 0.40625 0.5453125 0.0015625 0.0015625
0 0.4 0.5375 0.0015625 0.0015625
0 0.378125 0.54375 0.0015625 0.0015625
0 0.38125 0.5359375 0.0015625 0.0015625
0 0.3765625 0.540625 0.0015625 0.0015625
0 0.371875 0.540625 0.0015625 0.0015625
0 0.3921875 0.5375 0.0015625 0.0015625
0 0.39375 0.5328125 0.0015625 0.0015625
0 0.40625 0.534375 0.0015625 0.0015625
0 0.409375 0.5328125 0.0015625 0.0015625
0 0.4015625 0.5203125 0.0015625 0.0015625
0 0.3984375 0.525 0.0015625 0.0015625
0 0.4125 0.6015625 0.0046875 0.0046875
0 0.41875 0.6046875 0.0046875 0.0046875
0 0.4078125 0.6125 0.00625 0.00625
0 0.4046875 0.615625 0.0015625 0.0015625
0 0.39375 0.60625 0.0078125 0.0078125
0 0.3953125 0.6015625 0.0015625 0.0015625
0 0.39375 0.590625 0.003125 0.003125
0 0.3828125 0.596875 0.003125 0.0015625
0 0.3625 0.59375 0.0015625 0.0015625
0 0.3640625 0.5921875 0.0015625 0.0015625
0 0.359375 0.596875 0.0015625 0.0015625
0 0.3984375 0.5984375 0.0015625 0.0015625
0 0.4015625 0.6015625 0.0015625 0.0015625
0 0.425 0.6 0.0015625 0.0015625
0 0.4265625 0.6140625 0.0015625 0.0015625
0 0.4296875 0.615625 0.0015625 0.0015625
0 0.43125 0.61875 0.0015625 0.0015625
0 0.4265625 0.6296875 0.0046875 0.0046875
0 0.43125 0.6296875 0.003125 0.0015625
0 0.4375 0.6203125 0.0078125 0.009375
0 0.4359375 0.628125 0.0015625 0.003125
0 0.4484375 0.640625 0.003125 0.003125
0 0.434375 0.640625 0.0046875 0.00625
0 0.4203125 0.6375 0.003125 0.003125
0 0.4140625 0.64375 0.00625 0.00625
0 0.421875 0.6515625 0.0078125 0.0078125
0 0.4296875 0.65625 0.0015625 0.0015625
0 0.4390625 0.6546875 0.0015625 0.0015625
0 0.425 0.6671875 0.0015625 0.0015625
0 0.4078125 0.671875 0.0015625 0.0015625
0 0.40625 0.6734375 0.0015625 0.0015625
0 0.390625 0.6671875 0.0015625 0.0015625
0 0.3953125 0.665625 0.0015625 0.0015625
0 0.403125 0.6609375 0.0015625 0.0015625
0 0.4 0.671875 0.0015625 0.0015625
0 0.403125 0.6703125 0.0015625 0.0015625
0 0.359375 0.69375 0.0078125 0.0078125
0 0.3453125 0.6984375 0.009375 0.0078125
0 0.3578125 0.7046875 0.0015625 0.0015625
0 0.3625 0.6859375 0.0015625 0.0015625
0 0.3515625 0.6828125 0.0078125 0.0078125
0 0.34375 0.678125 0.003125 0.003125
0 0.340625 0.675 0.0015625 0.0015625
0 0.353125 0.6765625 0.0015625 0.0015625
0 0.3265625 0.6890625 0.003125 0.003125
0 0.334375 0.709375 0.003125 0.003125
0 0.3328125 0.7046875 0.0015625 0.0015625
0 0.34375 0.7109375 0.0015625 0.0015625
0 0.3453125 0.709375 0.0015625 0.0015625
0 0.3515625 0.7109375 0.0046875 0.0046875
0 0.340625 0.7203125 0.0015625 0.0015625
0 0.3296875 0.7203125 0.0015625 0.0015625
0 0.321875 0.725 0.0046875 0.0046875
0 0.31875 0.73125 0.0046875 0.003125
0 0.371875 0.740625 0.0078125 0.0078125
0 0.375 0.7265625 0.003125 0.003125
0 0.38125 0.7265625 0.0015625 0.0015625
0 0.3640625 0.7484375 0.003125 0.0046875
0 0.371875 0.7625 0.0015625 0.003125
0 0.365625 0.7703125 0.0015625 0.0015625
0 0.36875 0.790625 0.003125 0.003125
0 0.421875 0.8203125 0.003125 0.0046875
0 0.39375 0.621875 0.0078125 0.0078125
0 0.4265625 0.4671875 0.0078125 0.00625
0 0.4390625 0.4703125 0.0015625 0.003125
0 0.446875 0.48125 0.0015625 0.0015625
0 0.4890625 0.4765625 0.009375 0.0125
0 0.4953125 0.478125 0.0015625 0.0015625
0 0.4921875 0.4828125 0.0015625 0.0015625
0 0.546875 0.38125 0.0078125 0.0078125
0 0.5734375 0.4671875 0.0125 0.0140625
0 0.534375 0.4640625 0.0109375 0.009375
0 0.5078125 0.5453125 0.00625 0.003125
0 0.53125 0.534375 0.0046875 0.0046875
0 0.53125 0.525 0.0078125 0.0078125
0 0.5109375 0.5640625 0.009375 0.0078125
0 0.50625 0.553125 0.00625 0.00625
0 0.5125 0.5421875 0.0015625 0.0015625
0 0.5234375 0.540625 0.0015625 0.0015625
0 0.5 0.53125 0.003125 0.003125
0 0.521875 0.55 0.003125 0.0015625
0 0.5421875 0.528125 0.0015625 0.0015625
0 0.525 0.5234375 0.0015625 0.0015625
0 0.5953125 0.5296875 0.00625 0.0078125
0 0.6078125 0.540625 0.0078125 0.00625
0 0.609375 0.5265625 0.00625 0.0078125
0 0.6234375 0.5140625 0.00625 0.0078125
0 0.6359375 0.5109375 0.009375 0.0078125
0 0.634375 0.4890625 0.00625 0.0078125
0 0.653125 0.49375 0.00625 0.0046875
0 0.65625 0.4890625 0.0046875 0.0046875
0 0.634375 0.5203125 0.0015625 0.0015625
0 0.6625 0.51875 0.003125 0.0046875
0 0.653125 0.53125 0.0078125 0.0078125
0 0.6375 0.5484375 0.00625 0.0078125
0 0.6125 0.5546875 0.00625 0.0078125
0 0.6234375 0.5515625 0.0078125 0.0078125
0 0.603125 0.5609375 0.0078125 0.009375
0 0.578125 0.5625 0.00625 0.00625
0 0.571875 0.571875 0.003125 0.0046875
0 0.5875 0.5578125 0.00625 0.00625
0 0.5890625 0.5640625 0.00625 0.00625
0 0.5953125 0.5703125 0.0046875 0.0046875
0 0.565625 0.60625 0.009375 0.009375
0 0.575 0.5921875 0.009375 0.0109375
0 0.6015625 0.5890625 0.003125 0.0046875
0 0.615625 0.584375 0.00625 0.0078125
0 0.6328125 0.59375 0.0078125 0.0078125
0 0.6125 0.6125 0.00625 0.00625
0 0.6046875 0.6125 0.0078125 0.009375
0 0.6390625 0.6 0.0046875 0.0046875
0 0.6421875 0.6109375 0.0046875 0.00625
0 0.65 0.58125 0.003125 0.0046875
0 0.628125 0.575 0.0078125 0.0078125
0 0.6390625 0.5625 0.0109375 0.0109375
0 0.6484375 0.5609375 0.0046875 0.0046875
0 0.6546875 0.5578125 0.0078125 0.009375
0 0.6640625 0.546875 0.00625 0.0078125
0 0.6671875 0.571875 0.00625 0.00625
0 0.671875 0.56875 0.003125 0.003125
0 0.6765625 0.5828125 0.003125 0.003125
0 0.696875 0.5546875 0.0046875 0.003125
0 0.7015625 0.5578125 0.0046875 0.00625
0 0.7078125 0.5359375 0.00625 0.0046875
0 0.696875 0.521875 0.003125 0.0046875
0 0.6296875 0.5265625 0.0015625 0.003125
0 0.6421875 0.534375 0.003125 0.003125
0 0.79375 0.5359375 0.0046875 0.0046875
0 0.8078125 0.5203125 0.00625 0.00625
0 0.7734375 0.5078125 0.00625 0.0046875
0 0.7859375 0.4984375 0.00625 0.00625
0 0.8109375 0.49375 0.0078125 0.00625
0 0.7640625 0.484375 0.0078125 0.009375
0 0.7578125 0.4671875 0.003125 0.00625
0 0.765625 0.4671875 0.0109375 0.0109375
0 0.7703125 0.4578125 0.0046875 0.0046875
0 0.7515625 0.4546875 0.00625 0.00625
0 0.7140625 0.4640625 0.0078125 0.00625
0 0.69375 0.4546875 0.003125 0.0046875
0 0.7015625 0.46875 0.0046875 0.003125
0 0.7140625 0.4578125 0.0078125 0.0078125
0 0.7234375 0.4609375 0.003125 0.003125
0 0.73125 0.4515625 0.009375 0.0109375
0 0.7265625 0.465625 0.0078125 0.0078125
0 0.740625 0.434375 0.0046875 0.003125
0 0.7421875 0.440625 0.003125 0.003125
0 0.753125 0.44375 0.003125 0.003125
0 0.7671875 0.446875 0.009375 0.0078125
0 0.7890625 0.4265625 0.0078125 0.0078125
0 0.7921875 0.4171875 0.0046875 0.003125
0 0.8203125 0.415625 0.003125 0.003125
0 0.825 0.4109375 0.003125 0.003125
0 0.8296875 0.4140625 0.0046875 0.003125
0 0.8375 0.4421875 0.00625 0.0046875
0 0.83125 0.45 0.00625 0.00625
0 0.8109375 0.4609375 0.003125 0.003125
0 0.840625 0.475 0.0046875 0.0046875
0 0.8296875 0.4828125 0.00625 0.0078125
0 0.8203125 0.4875 0.0046875 0.0046875
0 0.8328125 0.4796875 0.0046875 0.0046875
0 0.834375 0.4953125 0.0046875 0.0046875
0 0.84375 0.490625 0.00625 0.00625
0 0.8390625 0.503125 0.0046875 0.003125
0 0.8328125 0.5078125 0.0078125 0.00625
0 0.828125 0.5328125 0.0046875 0.0046875
0 0.8359375 0.51875 0.0046875 0.003125
0 0.8375 0.5234375 0.0046875 0.0046875
0 0.84375 0.51875 0.003125 0.0046875
0 0.821875 0.553125 0.0078125 0.00625
0 0.81875 0.5640625 0.0046875 0.00625
0 0.825 0.5796875 0.0046875 0.0046875
0 0.8328125 0.5546875 0.00625 0.003125
0 0.8359375 0.55 0.00625 0.0046875
0 0.7625 0.6015625 0.0078125 0.0078125
0 0.784375 0.6078125 0.009375 0.009375
0 0.7421875 0.609375 0.0078125 0.0078125
0 0.7328125 0.6109375 0.00625 0.0078125
0 0.7203125 0.621875 0.00625 0.00625
0 0.7109375 0.615625 0.00625 0.00625
0 0.703125 0.6421875 0.0078125 0.0109375
0 0.7109375 0.6453125 0.003125 0.003125
0 0.7234375 0.6390625 0.0046875 0.003125
0 0.7140625 0.634375 0.003125 0.0015625
0 0.753125 0.6390625 0.0046875 0.0046875
0 0.7734375 0.646875 0.00625 0.00625
0 0.78125 0.65 0.003125 0.0046875
0 0.73125 0.6671875 0.00625 0.0078125
0 0.696875 0.653125 0.0078125 0.0078125
0 0.690625 0.6609375 0.0078125 0.00625
0 0.696875 0.6625 0.0046875 0.003125
0 0.709375 0.675 0.0078125 0.0078125
0 0.6953125 0.671875 0.0078125 0.00625
0 0.6859375 0.671875 0.0046875 0.0046875
0 0.7453125 0.6703125 0.00625 0.00625
0 0.7546875 0.6703125 0.009375 0.009375
0 0.7625 0.665625 0.0046875 0.00625
0 0.78125 0.6734375 0.009375 0.0078125
0 0.75625 0.68125 0.003125 0.003125
0 0.7578125 0.6890625 0.00625 0.0078125
0 0.7421875 0.7046875 0.00625 0.00625
0 0.734375 0.709375 0.00625 0.00625
0 0.7296875 0.715625 0.0046875 0.0046875
0 0.734375 0.7171875 0.003125 0.003125
0 0.7546875 0.7125 0.0046875 0.00625
0 0.7625 0.703125 0.0078125 0.00625
0 0.7703125 0.6984375 0.0046875 0.00625
0 0.7234375 0.6828125 0.00625 0.00625
0 0.7203125 0.68125 0.0046875 0.00625
0 0.6921875 0.6875 0.0078125 0.0046875
0 0.696875 0.68125 0.0078125 0.0046875
0 0.65625 0.6671875 0.0078125 0.00625
0 0.6578125 0.65 0.0046875 0.0046875
0 0.653125 0.6421875 0.0015625 0.003125
0 0.653125 0.646875 0.0015625 0.0015625
0 0.6296875 0.6765625 0.003125 0.0015625
0 0.63125 0.684375 0.00625 0.0046875
0 0.64375 0.68125 0.00625 0.0078125
0 0.584375 0.6796875 0.0078125 0.0078125
0 0.584375 0.6875 0.00625 0.003125
0 0.615625 0.6859375 0.0078125 0.00625
0 0.6265625 0.6890625 0.0046875 0.0046875
0 0.6234375 0.7109375 0.0078125 0.00625
0 0.6296875 0.7125 0.0046875 0.0046875
0 0.6203125 0.725 0.0046875 0.003125
0 0.634375 0.7890625 0.0078125 0.0078125
0 0.5828125 0.775 0.0046875 0.0046875
0 0.575 0.8171875 0.00625 0.00625
0 0.5671875 0.8171875 0.0046875 0.0046875
0 0.565625 0.8234375 0.00625 0.0046875
0 0.5921875 0.8265625 0.00625 0.0078125
0 0.6 0.821875 0.00625 0.00625
0 0.425 0.7015625 0.0046875 0.003125
0 0.44375 0.7046875 0.0078125 0.0078125
0 0.4609375 0.6984375 0.0078125 0.0078125
0 0.4484375 0.6875 0.00625 0.00625
0 0.4375 0.684375 0.003125 0.0015625
0 0.4765625 0.6984375 0.0109375 0.0109375
0 0.4890625 0.690625 0.009375 0.0078125
0 0.4953125 0.696875 0.009375 0.0078125
0 0.490625 0.7015625 0.0046875 0.003125
0 0.50625 0.7953125 0.00625 0.0078125
0 0.4984375 0.78125 0.0078125 0.00625
0 0.5 0.771875 0.00625 0.0046875
0 0.509375 0.7625 0.0046875 0.0046875
0 0.5640625 0.65 0.0078125 0.009375
0 0.5578125 0.6515625 0.003125 0.003125
0 0.6515625 0.68125 0.0078125 0.0046875
0 0.7984375 0.615625 0.0046875 0.0078125
0 0.803125 0.615625 0.0046875 0.00625
0 0.803125 0.628125 0.0046875 0.0046875
0 0.8171875 0.6046875 0.0078125 0.00625
0 0.828125 0.59375 0.0046875 0.0046875
0 0.603125 0.5109375 0.0109375 0.0109375
0 0.609375 0.4703125 0.0078125 0.0078125
0 0.6171875 0.46875 0.00625 0.00625
0 0.6171875 0.459375 0.0078125 0.0078125
0 0.6171875 0.446875 0.0078125 0.009375
0 0.6375 0.4390625 0.009375 0.00625
0 0.6390625 0.4546875 0.0078125 0.009375
0 0.6078125 0.4546875 0.0078125 0.009375
0 0.64375 0.4265625 0.0109375 0.0125
0 0.65625 0.434375 0.0046875 0.0046875
0 0.665625 0.4453125 0.0046875 0.00625
0 0.6734375 0.4546875 0.00625 0.0078125
0 0.5859375 0.4609375 0.0046875 0.003125
0 0.6 0.4703125 0.00625 0.00625
0 0.4859375 0.4234375 0.0078125 0.0078125
0 0.4921875 0.4203125 0.0078125 0.009375
0 0.503125 0.4296875 0.009375 0.0078125
0 0.4921875 0.39375 0.0109375 0.009375
0 0.496875 0.40625 0.0109375 0.009375
0 0.53125 0.403125 0.0078125 0.00625
0 0.5359375 0.3953125 0.003125 0.003125
0 0.5390625 0.3875 0.0046875 0.0046875
0 0.5140625 0.3921875 0.0046875 0.0046875
0 0.4625 0.421875 0.003125 0.003125
0 0.45625 0.4484375 0.003125 0.0015625
0 0.43125 0.3640625 0.0015625 0.003125
0 0.496875 0.321875 0.0109375 0.0078125
0 0.5140625 0.3171875 0.0078125 0.0078125
0 0.534375 0.3328125 0.00625 0.0046875
0 0.553125 0.3296875 0.0078125 0.0078125
0 0.5796875 0.3 0.0046875 0.00625
0 0.578125 0.284375 0.009375 0.0109375
0 0.5890625 0.2828125 0.0109375 0.009375
0 0.571875 0.265625 0.0078125 0.0078125
0 0.5890625 0.2484375 0.0078125 0.0078125
0 0.609375 0.25 0.0109375 0.009375
0 0.6359375 0.2859375 0.00625 0.0078125
0 0.6421875 0.2890625 0.0078125 0.0078125
0 0.665625 0.315625 0.00625 0.00625
0 0.6640625 0.3203125 0.00625 0.0046875
0 0.64375 0.340625 0.0078125 0.009375
0 0.6375 0.3421875 0.003125 0.003125
0 0.64375 0.365625 0.00625 0.00625
0 0.69375 0.3234375 0.009375 0.0109375
0 0.6890625 0.309375 0.0109375 0.0078125
0 0.65 0.31875 0.003125 0.003125
0 0.6515625 0.3109375 0.003125 0.0015625
0 0.6734375 0.290625 0.009375 0.00625
0 0.6859375 0.2859375 0.0109375 0.00625
0 0.7 0.2890625 0.00625 0.0078125
0 0.70625 0.2890625 0.0046875 0.0046875
0 0.7125 0.2859375 0.009375 0.009375
0 0.6984375 0.2703125 0.0078125 0.00625
0 0.7328125 0.2984375 0.00625 0.00625
0 0.734375 0.3109375 0.0078125 0.009375
0 0.75 0.271875 0.0046875 0.0078125
0 0.7515625 0.2828125 0.00625 0.00625
0 0.7609375 0.284375 0.0046875 0.0046875
0 0.753125 0.3 0.0046875 0.003125
0 0.7515625 0.33125 0.009375 0.0109375
0 0.725 0.3203125 0.0015625 0.0015625
0 0.728125 0.3328125 0.00625 0.0078125
0 0.7234375 0.325 0.0078125 0.0046875
0 0.7203125 0.3328125 0.0078125 0.0078125
0 0.7078125 0.3515625 0.0046875 0.0046875
0 0.7171875 0.3609375 0.003125 0.0046875
0 0.7828125 0.3453125 0.009375 0.0109375
0 0.7578125 0.375 0.0078125 0.00625
0 0.5984375 0.2796875 0.0078125 0.00625
0 0.5703125 0.3078125 0.00625 0.003125
0 0.5578125 0.3171875 0.0046875 0.003125
0 0.5375 0.3140625 0.003125 0.003125
0 0.5453125 0.315625 0.0046875 0.003125
0 0.60625 0.2296875 0.00625 0.00625
0 0.5515625 0.2328125 0.0109375 0.009375
0 0.5421875 0.234375 0.00625 0.0046875
0 0.5671875 0.2203125 0.0125 0.0109375
0 0.56875 0.209375 0.0078125 0.0078125
0 0.584375 0.2140625 0.0109375 0.0125
0 0.6078125 0.2109375 0.00625 0.00625
0 0.61875 0.2296875 0.009375 0.0078125
0 0.63125 0.2265625 0.0109375 0.0109375
0 0.64375 0.228125 0.00625 0.0046875
0 0.6546875 0.2453125 0.009375 0.0109375
0 0.6015625 0.259375 0.0046875 0.003125
0 0.6609375 0.23125 0.0078125 0.00625
0 0.66875 0.2203125 0.0078125 0.0078125
0 0.68125 0.2171875 0.0078125 0.0078125
0 0.671875 0.246875 0.0078125 0.0078125
0 0.6765625 0.234375 0.0109375 0.009375
0 0.6828125 0.25 0.0078125 0.0078125
0 0.6921875 0.2421875 0.00625 0.0046875
0 0.6953125 0.2484375 0.0078125 0.0078125
0 0.7046875 0.2484375 0.0046875 0.00625
0 0.5078125 0.2234375 0.0078125 0.00625
0 0.5109375 0.1875 0.009375 0.009375
0 0.5296875 0.184375 0.009375 0.0078125
0 0.5234375 0.1734375 0.0078125 0.00625
0 0.4796875 0.175 0.009375 0.00625
0 0.5390625 0.1703125 0.009375 0.00625
0 0.475 0.171875 0.00625 0.0078125
0 0.5890625 0.178125 0.0078125 0.00625
0 0.6125 0.1796875 0.0078125 0.0078125
0 0.6046875 0.1828125 0.0078125 0.0046875
0 0.4953125 0.178125 0.0078125 0.00625
0 0.4515625 0.1890625 0.0078125 0.00625
0 0.45625 0.2015625 0.0046875 0.0046875
0 0.471875 0.240625 0.003125 0.0046875
0 0.734375 0.3734375 0.0125 0.0109375
0 0.7390625 0.35625 0.0125 0.0109375
0 0.7234375 0.3734375 0.0046875 0.0046875
0 0.4796875 0.5125 0.0078125 0.00625
0 0.475 0.5171875 0.00625 0.0078125
0 0.25 0.371875 0.0109375 0.0078125
0 0.4875 0.559375 0.00625 0.0046875
0 0.3015625 0.2796875 0.0015625 0.0015625