0 0.2703125 0.5046875 0.0125 0.0125
0 0.1734375 0.4828125 0.0109375 0.0109375
0 0.175 0.509375 0.0109375 0.0109375
0 0.1671875 0.528125 0.00625 0.00625
0 0.184375 0.546875 0.009375 0.0109375
0 0.16875 0.6125 0.00625 0.00625
0 0.3875 0.7234375 0.0078125 0.009375
0 0.3125 0.8 0.00625 0.0078125
0 0.7453125 0.721875 0.0078125 0.009375
0 0.609375 0.2203125 0.00625 0.0078125
0 0.6265625 0.175 0.0078125 0.0078125
0 0.665625 0.2 0.0046875 0.00625
0 0.665625 0.18125 0.0046875 0.0078125
0 0.6828125 0.2 0.00625 0.00625
0 0.7046875 0.215625 0.00625 0.0078125
0 0.4671875 0.1625 0.0109375 0.0109375
0 0.45625 0.1765625 0.0125 0.0125
0 0.38125 0.1796875 0.0109375 0.0109375
0 0.353125 0.1828125 0.0109375 0.0109375
0 0.315625 0.2109375 0.00625 0.0078125
0 0.3046875 0.2125 0.0046875 0.0046875
0 0.2921875 0.23125 0.0109375 0.0109375
0 0.2390625 0.3578125 0.0078125 0.009375
0 0.275 0.36875 0.015625 0.015625
0 0.2828125 0.3890625 0.0140625 0.0140625
0 0.3109375 0.39375 0.0125 0.0125
0 0.3515625 0.390625 0.009375 0.0109375
0 0.3453125 0.3984375 0.0109375 0.0125
0 0.3734375 0.3859375 0.0125 0.0125
0 0.4109375 0.3859375 0.009375 0.009375
0 0.4 0.3953125 0.00625 0.00625
0 0.4140625 0.40625 0.0078125 0.009375
0 0.2734375 0.4328125 0.00625 0.00625
0 0.5125 0.4296875 0.00625 0.0078125
0 0.4234375 0.3625 0.0109375 0.0109375
0 0.446875 0.3046875 0.009375 0.0078125
0 0.4484375 0.309375 0.0046875 0.003125
0 0.45 0.321875 0.0078125 0.0078125
0 0.1859375 0.409375 0.0125 0.0109375
0 0.178125 0.3796875 0.0109375 0.0140625
0 0.3765625 0.1671875 0.0125 0.0109375