0 0.16875 0.5546875 0.0078125 0.0125
0 0.15 0.5828125 0.009375 0.0109375
0 0.1828125 0.5734375 0.00625 0.0140625
0 0.2078125 0.6078125 0.0109375 0.009375
0 0.2625 0.6421875 0.0109375 0.0125
0 0.1953125 0.6875 0.009375 0.0109375
0 0.2078125 0.728125 0.00625 0.0109375
0 0.2890625 0.7421875 0.0109375 0.0125
0 0.3625 0.8078125 0.009375 0.009375
0 0.390625 0.8109375 0.0078125 0.009375
0 0.4984375 0.8203125 0.0078125 0.0078125
0 0.496875 0.803125 0.0078125 0.00625
0 0.525 0.8078125 0.0078125 0.00625
0 0.5296875 0.8140625 0.00625 0.00625
0 0.521875 0.81875 0.0046875 0.009375
0 0.5125 0.8078125 0.00625 0.009375
0 0.55625 0.790625 0.00625 0.00625
0 0.5546875 0.7703125 0.0078125 0.0078125
0 0.58125 0.7796875 0.0078125 0.0046875
0 0.5671875 0.7578125 0.0078125 0.0046875
0 0.4984375 0.7609375 0.00625 0.0109375
0 0.475 0.7546875 0.009375 0.009375
0 0.490625 0.7328125 0.00625 0.009375
0 0.2515625 0.4953125 0.0140625 0.0078125
0 0.340625 0.2671875 0.0125 0.0140625
0 0.225 0.2578125 0.0140625 0.009375
0 0.346875 0.1796875 0.0140625 0.0125
0 0.46875 0.178125 0.0125 0.0109375
0 0.4953125 0.171875 0.009375 0.009375
0 0.6859375 0.3796875 0.009375 0.0171875
0 0.78125 0.346875 0.009375 0.0125
0 0.8125 0.428125 0.009375 0.0109375
0 0.825 0.425 0.00625 0.0109375
0 0.75 0.621875 0.009375 0.00625
0 0.7921875 0.5828125 0.00625 0.009375
0 0.8109375 0.5796875 0.009375 0.0109375
0 0.7453125 0.6546875 0.0109375 0.00625
0 0.75625 0.659375 0.00625 0.009375
0 0.725 0.6796875 0.00625 0.0109375
0 0.6953125 0.675 0.009375 0.00625
0 0.696875 0.6640625 0.00625 0.00625
0 0.69375 0.65625 0.0046875 0.00625
0 0.6265625 0.64375 0.009375 0.0109375
0 0.5609375 0.675 0.009375 0.0078125
0 0.5546875 0.6375 0.009375 0.009375
0 0.515625 0.6484375 0.0078125 0.0046875
0 0.5671875 0.6125 0.009375 0.00625
0 0.575 0.571875 0.0109375 0.009375
0 0.621875 0.6046875 0.009375 0.0046875
0 0.1359375 0.4515625 0.009375 0.0109375
0 0.1828125 0.290625 0.0046875 0.009375
0 0.590625 0.35625 0.015625 0.0109375
0 0.465625 0.4390625 0.009375 0.0109375
0 0.3328125 0.4296875 0.009375 0.0109375
0 0.3140625 0.425 0.0078125 0.0078125