0 0.403125 0.26875 0.0140625 0.015625
0 0.675 0.26875 0.025 0.03125
0 0.59375 0.1484375 0.0109375 0.0140625
0 0.5578125 0.1578125 0.009375 0.0109375
0 0.5140625 0.15 0.0109375 0.0125
0 0.434375 0.153125 0.009375 0.009375
0 0.371875 0.1859375 0.0125 0.0109375
0 0.2671875 0.259375 0.009375 0.009375
0 0.340625 0.2 0.009375 0.0125
0 0.2421875 0.3203125 0.0109375 0.0109375
0 0.375 0.6703125 0.0171875 0.0140625
0 0.396875 0.75625 0.03125 0.03125
0 0.459375 0.7984375 0.009375 0.0125
0 0.465625 0.721875 0.0125 0.009375
0 0.5515625 0.740625 0.009375 0.0140625
0 0.61875 0.79375 0.0125 0.0109375
0 0.4046875 0.728125 0.0109375 0.0109375
0 0.2484375 0.7046875 0.0109375 0.009375
0 0.265625 0.653125 0.0109375 0.009375
0 0.2984375 0.6625 0.0078125 0.0109375
0 0.2171875 0.5859375 0.009375 0.009375
0 0.184375 0.5609375 0.025 0.0328125
0 0.234375 0.55 0.0109375 0.0140625
0 0.246875 0.609375 0.0078125 0.00625
0 0.24375 0.621875 0.0046875 0.0078125
0 0.2015625 0.515625 0.00625 0.0078125
0 0.178125 0.5171875 0.0078125 0.009375
0 0.20625 0.46875 0.009375 0.0078125
0 0.2375 0.4453125 0.0125 0.0078125
0 0.1921875 0.4171875 0.00625 0.009375
0 0.2453125 0.35625 0.009375 0.00625
0 0.6671875 0.546875 0.015625 0.0125
0 0.7515625 0.64375 0.0125 0.0140625
0 0.5640625 0.7421875 0.009375 0.0140625