0 0.284375 0.221875 0.009375 0.0109375
0 0.3375 0.25625 0.009375 0.0125
0 0.2671875 0.2390625 0.0078125 0.0125
0 0.4390625 0.271875 0.0109375 0.0125
0 0.3875 0.315625 0.0125 0.0109375
0 0.5359375 0.2796875 0.0078125 0.0140625
0 0.5796875 0.2359375 0.0078125 0.0109375
0 0.659375 0.3015625 0.0109375 0.0125
0 0.68125 0.3078125 0.0109375 0.0109375
0 0.621875 0.325 0.009375 0.009375
0 0.6578125 0.3390625 0.0109375 0.00625
0 0.7328125 0.3234375 0.009375 0.0125
0 0.7859375 0.325 0.0078125 0.0078125
0 0.79375 0.321875 0.00625 0.0109375
0 0.5421875 0.353125 0.0109375 0.0078125
0 0.51875 0.3796875 0.009375 0.009375
0 0.59375 0.3828125 0.0078125 0.0109375
0 0.6859375 0.4359375 0.009375 0.0125
0 0.734375 0.4625 0.0109375 0.0078125
0 0.7375 0.5609375 0.00625 0.009375
0 0.74375 0.60625 0.00625 0.0125
0 0.76875 0.6328125 0.0078125 0.009375
0 0.6984375 0.6359375 0.0109375 0.009375
0 0.646875 0.575 0.00625 0.00625
0 0.6171875 0.56875 0.00625 0.0109375
0 0.5265625 0.5953125 0.0078125 0.0046875
0 0.5 0.5640625 0.009375 0.0109375
0 0.5421875 0.6171875 0.0078125 0.0109375
0 0.5015625 0.6109375 0.009375 0.0078125
0 0.36875 0.534375 0.009375 0.0078125
0 0.3625 0.5453125 0.0078125 0.0078125
0 0.38125 0.59375 0.009375 0.0078125
0 0.2765625 0.565625 0.00625 0.0078125
0 0.2546875 0.5671875 0.0078125 0.009375
0 0.2984375 0.61875 0.0109375 0.0078125
0 0.2984375 0.66875 0.009375 0.00625
0 0.384375 0.665625 0.009375 0.009375
0 0.171875 0.6296875 0.009375 0.0125
0 0.1734375 0.5890625 0.0078125 0.009375
0 0.1671875 0.565625 0.009375 0.0109375
0 0.2109375 0.5765625 0.0078125 0.0140625
0 0.225 0.5734375 0.0078125 0.009375
0 0.1484375 0.5140625 0.0109375 0.009375
0 0.1890625 0.4859375 0.0078125 0.009375
0 0.19375 0.471875 0.0109375 0.0078125
0 0.184375 0.453125 0.0078125 0.00625
0 0.1921875 0.459375 0.0078125 0.0078125
0 0.1671875 0.4171875 0.00625 0.0109375
0 0.2734375 0.38125 0.0109375 0.00625
0 0.3140625 0.38125 0.0109375 0.0109375
0 0.3390625 0.396875 0.0109375 0.009375
0 0.371875 0.371875 0.0109375 0.009375
0 0.31875 0.4546875 0.0078125 0.0109375
0 0.278125 0.4484375 0.0078125 0.0078125
0 0.215625 0.4828125 0.0078125 0.0109375
0 0.378125 0.4875 0.0109375 0.0078125
0 0.421875 0.55 0.00625 0.0125
0 0.4703125 0.1640625 0.0078125 0.015625
0 0.5140625 0.175 0.0078125 0.0078125
0 0.3 0.1734375 0.009375 0.009375
0 0.3203125 0.3203125 0.0125 0.0078125
0 0.45 0.41875 0.009375 0.009375
0 0.528125 0.6953125 0.0078125 0.0109375
0 0.6078125 0.70625 0.0109375 0.00625
0 0.578125 0.78125 0.009375 0.0109375
0 0.55625 0.7734375 0.0078125 0.0078125
0 0.5640625 0.725 0.00625 0.00625
0 0.678125 0.7 0.0046875 0.0109375
0 0.6625 0.7171875 0.003125 0.00625
0 0.2578125 0.740625 0.00625 0.0078125
0 0.2421875 0.753125 0.0046875 0.0046875
0 0.2890625 0.7765625 0.00625 0.009375