0 0.5953125 0.3578125 0.0140625 0.009375
0 0.690625 0.3828125 0.0109375 0.0171875
0 0.8140625 0.43125 0.0109375 0.0125
0 0.828125 0.428125 0.00625 0.0125
0 0.7546875 0.6234375 0.0125 0.00625
0 0.75 0.6546875 0.0109375 0.0078125
0 0.7609375 0.6609375 0.0078125 0.0109375
0 0.7296875 0.6796875 0.00625 0.0125
0 0.7 0.675 0.009375 0.0078125
0 0.690625 0.6828125 0.0046875 0.009375
0 0.6984375 0.6578125 0.00625 0.0078125
0 0.7015625 0.6640625 0.0078125 0.0078125
0 0.7328125 0.70625 0.009375 0.0078125
0 0.5875 0.7796875 0.0078125 0.00625
0 0.5609375 0.7703125 0.00625 0.0078125
0 0.503125 0.803125 0.009375 0.00625
0 0.503125 0.821875 0.0078125 0.009375
0 0.5578125 0.796875 0.009375 0.00625
0 0.5625 0.7921875 0.00625 0.0046875
0 0.51875 0.8078125 0.00625 0.009375
0 0.528125 0.8203125 0.0046875 0.009375
0 0.53125 0.809375 0.00625 0.0078125
0 0.5359375 0.815625 0.00625 0.0078125
0 0.5046875 0.759375 0.0046875 0.009375
0 0.48125 0.7546875 0.009375 0.009375
0 0.496875 0.7328125 0.00625 0.009375
0 0.36875 0.809375 0.009375 0.009375
0 0.396875 0.8125 0.009375 0.0109375
0 0.4296875 0.8390625 0.0109375 0.0109375
0 0.2953125 0.74375 0.0125 0.015625
0 0.215625 0.7296875 0.009375 0.0109375
0 0.2015625 0.6875 0.0109375 0.0125
0 0.215625 0.609375 0.0109375 0.009375
0 0.2703125 0.64375 0.0109375 0.0140625
0 0.1578125 0.584375 0.0109375 0.0109375
0 0.1765625 0.55625 0.009375 0.0125
0 0.190625 0.5734375 0.00625 0.0125
0 0.1453125 0.453125 0.009375 0.0125
0 0.13125 0.434375 0.0046875 0.00625
0 0.1453125 0.365625 0.009375 0.0109375
0 0.3484375 0.26875 0.0140625 0.0140625
0 0.234375 0.2609375 0.0140625 0.009375
0 0.3546875 0.1828125 0.0140625 0.0125
0 0.4765625 0.1828125 0.0125 0.0109375
0 0.5015625 0.1765625 0.0109375 0.009375
0 0.475 0.215625 0.003125 0.003125
0 0.4796875 0.2515625 0.003125 0.0046875
0 0.784375 0.3515625 0.0125 0.0125
0 0.8 0.3453125 0.0078125 0.009375
0 0.559375 0.6375 0.009375 0.009375
0 0.5671875 0.6765625 0.009375 0.0078125
0 0.521875 0.65 0.0078125 0.0046875
0 0.259375 0.4953125 0.0171875 0.009375
0 0.340625 0.43125 0.0109375 0.0125
0 0.3234375 0.4265625 0.009375 0.0125
0 0.4734375 0.440625 0.009375 0.0125
0 0.63125 0.6453125 0.009375 0.0109375
0 0.6265625 0.6046875 0.009375 0.0078125
0 0.5734375 0.6140625 0.009375 0.009375
0 0.6265625 0.609375 0.0046875 0.0078125
0 0.5734375 0.7578125 0.009375 0.0078125
0 0.565625 0.7640625 0.009375 0.0078125
0 0.4578125 0.3625 0.00625 0.009375
0 0.58125 0.5734375 0.0109375 0.009375
0 0.5671875 0.590625 0.0046875 0.0046875
0 0.796875 0.584375 0.0078125 0.0109375
0 0.8140625 0.5828125 0.0109375 0.0125