0 0.5921875 0.7546875 0.03125 0.04375
0 0.1828125 0.6 0.0296875 0.0296875
0 0.275 0.415625 0.0109375 0.009375
0 0.365625 0.196875 0.0375 0.040625
0 0.3953125 0.2140625 0.00625 0.0125
0 0.6515625 0.2171875 0.0078125 0.0125
0 0.8359375 0.484375 0.009375 0.0140625
0 0.7921875 0.55625 0.0046875 0.0046875
0 0.765625 0.6328125 0.0046875 0.0078125
0 0.2796875 0.775 0.0109375 0.0109375
0 0.1953125 0.684375 0.0109375 0.0109375
0 0.3640625 0.5234375 0.009375 0.0109375
0 0.60625 0.4890625 0.0078125 0.0125
0 0.6703125 0.4515625 0.0078125 0.0125