0 0.4578125 0.3671875 0.0046875 0.0046875
0 0.5046875 0.3359375 0.0125 0.0125
0 0.446875 0.4 0.0046875 0.00625
0 0.43125 0.403125 0.00625 0.00625
0 0.4265625 0.425 0.00625 0.0078125
0 0.4421875 0.4359375 0.0046875 0.0078125
0 0.4578125 0.4375 0.00625 0.0078125
0 0.4609375 0.428125 0.003125 0.003125
0 0.4765625 0.4328125 0.009375 0.009375
0 0.490625 0.4359375 0.0046875 0.00625
0 0.4296875 0.45 0.0078125 0.00625
0 0.4125 0.4328125 0.00625 0.00625
0 0.40625 0.4109375 0.0046875 0.0046875
0 0.4015625 0.415625 0.0046875 0.0046875
0 0.3875 0.4203125 0.003125 0.0046875
0 0.3828125 0.421875 0.0046875 0.003125
0 0.38125 0.4296875 0.0046875 0.0046875
0 0.3765625 0.4375 0.00625 0.00625
0 0.384375 0.453125 0.00625 0.0078125
0 0.3890625 0.4515625 0.00625 0.00625
0 0.4203125 0.4609375 0.0078125 0.0078125
0 0.4484375 0.465625 0.0078125 0.0078125
0 0.3875 0.4890625 0.0078125 0.00625
0 0.40625 0.4890625 0.00625 0.00625
0 0.4109375 0.48125 0.003125 0.003125
0 0.4109375 0.484375 0.0046875 0.003125
0 0.3796875 0.4765625 0.0046875 0.0046875
0 0.365625 0.4609375 0.0046875 0.00625
0 0.34375 0.4578125 0.0046875 0.0046875
0 0.3421875 0.4640625 0.0046875 0.0046875
0 0.34375 0.484375 0.00625 0.0046875
0 0.3640625 0.4859375 0.0046875 0.00625
0 0.334375 0.4796875 0.0046875 0.0046875
0 0.303125 0.484375 0.0078125 0.0078125
0 0.2921875 0.5046875 0.0078125 0.00625
0 0.321875 0.51875 0.0078125 0.0078125
0 0.3421875 0.51875 0.0078125 0.0078125
0 0.35625 0.509375 0.0078125 0.009375
0 0.3671875 0.528125 0.0046875 0.0046875
0 0.35625 0.5328125 0.00625 0.0046875
0 0.3515625 0.5421875 0.00625 0.00625
0 0.321875 0.5328125 0.00625 0.0078125
0 0.3265625 0.546875 0.0078125 0.0078125
0 0.315625 0.55 0.00625 0.00625
0 0.33125 0.559375 0.00625 0.0046875
0 0.321875 0.5671875 0.0046875 0.003125
0 0.325 0.5703125 0.0046875 0.00625
0 0.35625 0.553125 0.00625 0.0078125
0 0.39375 0.5453125 0.00625 0.00625
0 0.4125 0.553125 0.00625 0.00625
0 0.4140625 0.5328125 0.00625 0.0078125
0 0.396875 0.528125 0.0046875 0.00625
0 0.4109375 0.5140625 0.009375 0.009375
0 0.440625 0.534375 0.0078125 0.0078125
0 0.4578125 0.5046875 0.0046875 0.00625
0 0.475 0.515625 0.0078125 0.0109375
0 0.4921875 0.4984375 0.00625 0.0046875
0 0.496875 0.490625 0.0046875 0.0046875
0 0.5140625 0.5 0.00625 0.00625
0 0.51875 0.5046875 0.00625 0.0046875
0 0.528125 0.4921875 0.0078125 0.009375
0 0.5421875 0.49375 0.0046875 0.00625
0 0.54375 0.5015625 0.003125 0.0046875
0 0.553125 0.465625 0.00625 0.0078125
0 0.50625 0.4484375 0.003125 0.0046875
0 0.5046875 0.4546875 0.00625 0.00625
0 0.4984375 0.4546875 0.00625 0.0078125
0 0.365625 0.41875 0.0046875 0.0046875
0 0.3671875 0.4328125 0.00625 0.0046875
0 0.3546875 0.434375 0.00625 0.003125
0 0.35625 0.4453125 0.00625 0.00625
0 0.4125 0.3609375 0.003125 0.0046875
0 0.4390625 0.275 0.0359375 0.034375
0 0.2953125 0.4375 0.0046875 0.00625
0 0.3015625 0.4625 0.003125 0.003125
0 0.26875 0.4890625 0.0046875 0.0046875
0 0.3765625 0.4734375 0.0046875 0.0046875
0 0.2859375 0.5203125 0.0046875 0.0046875
0 0.30625 0.53125 0.00625 0.00625
0 0.1578125 0.5125 0.0078125 0.0078125
0 0.2078125 0.51875 0.0046875 0.0046875
0 0.26875 0.5609375 0.00625 0.00625
0 0.2890625 0.5609375 0.00625 0.00625
0 0.265625 0.578125 0.003125 0.0046875
0 0.259375 0.5921875 0.0046875 0.0046875
0 0.2359375 0.5890625 0.003125 0.003125
0 0.303125 0.5828125 0.0046875 0.0046875
0 0.3078125 0.5875 0.0046875 0.00625
0 0.2984375 0.590625 0.003125 0.003125
0 0.321875 0.5890625 0.003125 0.0046875
0 0.3265625 0.58125 0.0046875 0.00625
0 0.3390625 0.6015625 0.003125 0.003125
0 0.3375 0.6078125 0.003125 0.0046875
0 0.3671875 0.58125 0.00625 0.00625
0 0.378125 0.5828125 0.00625 0.00625
0 0.396875 0.596875 0.0046875 0.0046875
0 0.3984375 0.609375 0.0078125 0.00625
0 0.4328125 0.575 0.0078125 0.00625
0 0.4546875 0.5671875 0.0078125 0.0078125
0 0.484375 0.553125 0.0078125 0.0078125
0 0.4875 0.540625 0.0046875 0.0046875
0 0.4828125 0.590625 0.0046875 0.00625
0 0.4921875 0.5921875 0.003125 0.003125
0 0.496875 0.6109375 0.0078125 0.0078125
0 0.5125 0.609375 0.0046875 0.00625
0 0.471875 0.6109375 0.0078125 0.0078125
0 0.465625 0.6203125 0.00625 0.00625
0 0.4359375 0.628125 0.009375 0.0078125
0 0.46875 0.6625 0.00625 0.00625
0 0.4390625 0.696875 0.003125 0.0046875
0 0.3515625 0.684375 0.0046875 0.0046875
0 0.3015625 0.6703125 0.0046875 0.0046875
0 0.5078125 0.646875 0.003125 0.003125
0 0.528125 0.6375 0.009375 0.0078125
0 0.5453125 0.640625 0.00625 0.00625
0 0.546875 0.61875 0.0046875 0.00625
0 0.5390625 0.61875 0.00625 0.0046875
0 0.546875 0.603125 0.00625 0.00625
0 0.5703125 0.6078125 0.0078125 0.0078125
0 0.5921875 0.5890625 0.0078125 0.0078125
0 0.590625 0.578125 0.00625 0.00625
0 0.58125 0.578125 0.0078125 0.009375
0 0.63125 0.5578125 0.0046875 0.00625
0 0.6078125 0.515625 0.00625 0.0046875
0 0.5984375 0.525 0.00625 0.00625
0 0.7265625 0.5953125 0.0046875 0.0046875
0 0.321875 0.7875 0.009375 0.0109375
0 0.3046875 0.7359375 0.003125 0.003125
0 0.23125 0.4453125 0.00625 0.0046875
0 0.359375 0.2203125 0.00625 0.0078125
0 0.56875 0.534375 0.00625 0.0078125
0 0.5625 0.53125 0.00625 0.0078125
0 0.4640625 0.6375 0.003125 0.003125
0 0.559375 0.7015625 0.00625 0.0078125
0 0.5890625 0.6609375 0.0078125 0.009375
0 0.5734375 0.6359375 0.00625 0.00625
0 0.6125 0.6109375 0.0078125 0.00625
0 0.63125 0.646875 0.0078125 0.0078125
0 0.6296875 0.60625 0.0046875 0.003125
0 0.521875 0.7765625 0.015625 0.0171875
0 0.265625 0.7375 0.00625 0.0046875