0 0.478125 0.175 0.0046875 0.00625
0 0.503125 0.1828125 0.0046875 0.00625
0 0.49375 0.1921875 0.0046875 0.00625
0 0.578125 0.190625 0.0046875 0.00625
0 0.5703125 0.203125 0.0046875 0.00625
0 0.646875 0.209375 0.0046875 0.00625
0 0.7046875 0.2734375 0.0046875 0.00625
0 0.73125 0.3078125 0.0046875 0.00625
0 0.6375 0.2796875 0.00625 0.0078125
0 0.6671875 0.3296875 0.0078125 0.0078125
0 0.6765625 0.35625 0.00625 0.0046875
0 0.709375 0.371875 0.00625 0.00625
0 0.7515625 0.3984375 0.0046875 0.0046875
0 0.7484375 0.4015625 0.009375 0.0078125
0 0.75 0.41875 0.0046875 0.0046875
0 0.7703125 0.4203125 0.003125 0.003125
0 0.6421875 0.3953125 0.0296875 0.03125
0 0.559375 0.4796875 0.009375 0.0109375
0 0.5875 0.484375 0.0046875 0.00625
0 0.5015625 0.4296875 0.0359375 0.0390625
0 0.4109375 0.396875 0.0046875 0.0078125
0 0.4984375 0.35625 0.003125 0.00625
0 0.4953125 0.35625 0.003125 0.00625
0 0.5359375 0.3765625 0.0078125 0.009375
0 0.5578125 0.3328125 0.03125 0.0296875
0 0.5890625 0.34375 0.00625 0.0078125
0 0.475 0.325 0.0078125 0.0078125
0 0.3796875 0.3359375 0.00625 0.00625
0 0.3484375 0.3140625 0.00625 0.0078125
0 0.33125 0.3296875 0.00625 0.00625
0 0.3078125 0.3296875 0.009375 0.0078125
0 0.2765625 0.375 0.0046875 0.003125
0 0.2765625 0.3859375 0.00625 0.00625
0 0.271875 0.3953125 0.0046875 0.00625
0 0.2578125 0.3453125 0.0125 0.0140625
0 0.2203125 0.340625 0.003125 0.00625
0 0.21875 0.3140625 0.0046875 0.00625
0 0.16875 0.3671875 0.00625 0.0078125
0 0.1890625 0.4046875 0.003125 0.0046875
0 0.1875 0.4125 0.00625 0.00625
0 0.175 0.409375 0.0046875 0.0046875
0 0.18125 0.4234375 0.003125 0.0046875
0 0.2296875 0.440625 0.0046875 0.0078125
0 0.15 0.453125 0.0140625 0.0140625
0 0.1609375 0.459375 0.0046875 0.0046875
0 0.1609375 0.4640625 0.0046875 0.0046875
0 0.159375 0.4765625 0.0140625 0.0140625
0 0.146875 0.4890625 0.0046875 0.0046875
0 0.2078125 0.678125 0.00625 0.00625
0 0.2421875 0.7171875 0.0046875 0.0046875
0 0.3640625 0.790625 0.0046875 0.0046875
0 0.5125 0.8109375 0.0046875 0.0046875
0 0.5328125 0.775 0.003125 0.0046875
0 0.54375 0.7703125 0.0046875 0.003125
0 0.5171875 0.7578125 0.0046875 0.0046875
0 0.5109375 0.7671875 0.003125 0.003125
0 0.5125 0.76875 0.0015625 0.0015625
0 0.5625 0.7515625 0.003125 0.003125
0 0.61875 0.746875 0.0046875 0.0046875
0 0.7015625 0.646875 0.00625 0.0046875
0 0.709375 0.5890625 0.0046875 0.00625
0 0.746875 0.5546875 0.0046875 0.00625
0 0.7734375 0.5484375 0.0046875 0.0046875
0 0.7796875 0.5265625 0.003125 0.0046875
0 0.7671875 0.4796875 0.003125 0.0046875
0 0.721875 0.475 0.003125 0.0046875
0 0.703125 0.425 0.003125 0.003125
0 0.5375 0.2671875 0.0390625 0.0359375
0 0.4453125 0.434375 0.0046875 0.003125
0 0.540625 0.5359375 0.0046875 0.00625
0 0.4984375 0.5109375 0.0046875 0.0046875
0 0.51875 0.571875 0.0046875 0.00625
0 0.4984375 0.5828125 0.003125 0.003125
0 0.4953125 0.5828125 0.003125 0.003125
0 0.55 0.553125 0.0109375 0.009375
0 0.5671875 0.55625 0.003125 0.0046875
0 0.6265625 0.6234375 0.003125 0.0046875
0 0.6546875 0.6265625 0.034375 0.0296875
0 0.65 0.603125 0.00625 0.00625
0 0.575 0.703125 0.0046875 0.0046875
0 0.509375 0.684375 0.0046875 0.0046875
0 0.4859375 0.7078125 0.003125 0.0046875
0 0.396875 0.696875 0.0046875 0.00625
0 0.3984375 0.746875 0.009375 0.009375
0 0.3078125 0.615625 0.00625 0.0078125
0 0.38125 0.5484375 0.00625 0.00625
0 0.38125 0.4984375 0.0046875 0.0046875
0 0.3375 0.44375 0.003125 0.00625
0 0.3046875 0.453125 0.003125 0.00625
0 0.334375 0.3015625 0.0046875 0.00625
0 0.375 0.2859375 0.003125 0.00625
0 0.3390625 0.234375 0.0046875 0.003125
0 0.2859375 0.2390625 0.003125 0.0046875
0 0.340625 0.2109375 0.00625 0.00625
0 0.3828125 0.1953125 0.0078125 0.00625
0 0.403125 0.1828125 0.0046875 0.0046875
0 0.434375 0.1984375 0.0203125 0.0203125
0 0.3484375 0.3390625 0.0078125 0.0078125
0 0.190625 0.325 0.00625 0.009375
0 0.45625 0.26875 0.009375 0.0125
0 0.7109375 0.5171875 0.0390625 0.0328125
0 0.7125 0.5453125 0.0046875 0.00625
0 0.678125 0.565625 0.0140625 0.0140625
0 0.6640625 0.584375 0.00625 0.00625
0 0.49375 0.6578125 0.0046875 0.00625
0 0.5 0.653125 0.003125 0.0046875
0 0.5046875 0.65625 0.028125 0.0265625