0 0.675 0.609375 0.0296875 0.028125
0 0.1703125 0.3828125 0.0171875 0.01875
0 0.31875 0.4875 0.0125 0.0171875
0 0.2265625 0.3953125 0.009375 0.0171875
0 0.403125 0.61875 0.009375 0.0125
0 0.4890625 0.1515625 0.0125 0.015625
0 0.6359375 0.2859375 0.009375 0.015625
0 0.6046875 0.265625 0.0109375 0.0125
0 0.378125 0.1984375 0.0125 0.0140625
0 0.390625 0.3015625 0.0109375 0.0140625
0 0.68125 0.43125 0.0109375 0.0109375
0 0.6078125 0.5484375 0.009375 0.0125
0 0.3 0.4703125 0.0109375 0.0140625
0 0.2484375 0.546875 0.0140625 0.015625
0 0.45625 0.75 0.0125 0.0140625