0 0.6265625 0.221875 0.0109375 0.0125
0 0.6296875 0.26875 0.0125 0.015625
0 0.6125 0.3046875 0.009375 0.0109375
0 0.678125 0.2796875 0.009375 0.0109375
0 0.6921875 0.3125 0.0390625 0.0421875
0 0.478125 0.2015625 0.0109375 0.0125
0 0.49375 0.2140625 0.0140625 0.0125
0 0.5109375 0.23125 0.0078125 0.0109375
0 0.525 0.2453125 0.0078125 0.009375
0 0.540625 0.240625 0.00625 0.009375
0 0.703125 0.2328125 0.00625 0.0078125
0 0.7296875 0.2765625 0.0078125 0.0109375
0 0.75 0.2703125 0.0078125 0.0109375
0 0.73125 0.325 0.009375 0.0109375
0 0.7578125 0.33125 0.0234375 0.0265625
0 0.775 0.3375 0.0078125 0.0140625
0 0.665625 0.35625 0.015625 0.0125
0 0.678125 0.3984375 0.0078125 0.009375
0 0.671875 0.4328125 0.0328125 0.0328125
0 0.803125 0.409375 0.009375 0.0140625
0 0.6515625 0.4578125 0.0109375 0.015625
0 0.696875 0.453125 0.0171875 0.0203125
0 0.7234375 0.4921875 0.009375 0.0109375
0 0.7484375 0.4953125 0.00625 0.0078125
0 0.7328125 0.5046875 0.00625 0.0078125
0 0.7765625 0.525 0.0078125 0.009375
0 0.696875 0.5109375 0.0375 0.0359375
0 0.7984375 0.56875 0.0078125 0.009375
0 0.6890625 0.5703125 0.0078125 0.009375
0 0.703125 0.621875 0.0078125 0.0078125
0 0.73125 0.640625 0.03125 0.03125
0 0.74375 0.6890625 0.0078125 0.009375
0 0.7234375 0.721875 0.0328125 0.0296875
0 0.7015625 0.703125 0.0078125 0.0078125
0 0.6609375 0.68125 0.009375 0.009375
0 0.6515625 0.7234375 0.0078125 0.0109375
0 0.6 0.71875 0.0078125 0.009375
0 0.5703125 0.734375 0.00625 0.0046875
0 0.6 0.7671875 0.00625 0.0078125
0 0.4953125 0.7640625 0.00625 0.0109375
0 0.5140625 0.7609375 0.0234375 0.03125
0 0.53125 0.7984375 0.0125 0.015625
0 0.5640625 0.815625 0.0078125 0.0078125
0 0.5625 0.828125 0.0046875 0.00625
0 0.5734375 0.83125 0.00625 0.00625
0 0.4765625 0.8 0.00625 0.0078125
0 0.4484375 0.840625 0.0078125 0.0078125
0 0.3984375 0.7703125 0.009375 0.009375
0 0.375 0.7859375 0.009375 0.009375
0 0.3765625 0.821875 0.00625 0.0125
0 0.321875 0.765625 0.00625 0.00625
0 0.3953125 0.690625 0.0046875 0.0078125
0 0.396875 0.65625 0.0546875 0.0703125
0 0.428125 0.6171875 0.0078125 0.0078125
0 0.4046875 0.56875 0.00625 0.00625
0 0.525 0.5359375 0.00625 0.0078125
0 0.353125 0.51875 0.0328125 0.034375
0 0.2359375 0.540625 0.009375 0.009375
0 0.15625 0.5234375 0.0078125 0.009375
0 0.2265625 0.4171875 0.0203125 0.015625
0 0.215625 0.4390625 0.0078125 0.0078125
0 0.334375 0.4046875 0.0078125 0.0078125
0 0.3 0.3609375 0.00625 0.0078125
0 0.2390625 0.328125 0.053125 0.05
0 0.4359375 0.3734375 0.009375 0.0078125
0 0.4671875 0.421875 0.046875 0.0421875
0 0.434375 0.465625 0.0046875 0.009375
0 0.5265625 0.4390625 0.00625 0.0109375
0 0.584375 0.4265625 0.0078125 0.009375
0 0.53125 0.3203125 0.0125 0.0171875
0 0.578125 0.3515625 0.009375 0.0109375
0 0.4328125 0.278125 0.00625 0.009375
0 0.3 0.2765625 0.009375 0.0125
0 0.346875 0.2703125 0.00625 0.0078125
0 0.3828125 0.21875 0.0390625 0.0484375
0 0.28125 0.2234375 0.00625 0.0078125
0 0.3421875 0.196875 0.0046875 0.0078125
0 0.365625 0.2546875 0.00625 0.00625
0 0.640625 0.646875 0.009375 0.0109375
0 0.675 0.64375 0.0296875 0.0296875
0 0.565625 0.6765625 0.0171875 0.0203125