0 0.51875 0.34375 0.00625 0.00625
0 0.528125 0.3234375 0.0078125 0.0078125
0 0.571875 0.3328125 0.00625 0.00625
0 0.5671875 0.3546875 0.003125 0.0046875
0 0.5875 0.409375 0.003125 0.0046875
0 0.4078125 0.359375 0.00625 0.0046875
0 0.453125 0.3703125 0.003125 0.0046875
0 0.490625 0.3625 0.003125 0.003125
0 0.48125 0.39375 0.00625 0.0046875
0 0.4828125 0.4203125 0.00625 0.00625
0 0.465625 0.39375 0.0046875 0.0046875
0 0.4609375 0.390625 0.00625 0.00625
0 0.4171875 0.4046875 0.0046875 0.003125
0 0.4046875 0.4125 0.0046875 0.0046875
0 0.4171875 0.3859375 0.0046875 0.003125
0 0.44375 0.334375 0.0046875 0.0046875
0 0.465625 0.3375 0.0078125 0.00625
0 0.4875 0.2828125 0.0140625 0.0109375
0 0.5234375 0.284375 0.003125 0.0046875
0 0.371875 0.3734375 0.0046875 0.00625
0 0.3796875 0.3859375 0.0046875 0.0046875
0 0.3515625 0.35625 0.003125 0.0046875
0 0.3421875 0.3703125 0.00625 0.00625
0 0.34375 0.3640625 0.003125 0.003125
0 0.3640625 0.3625 0.0046875 0.003125
0 0.290625 0.3875 0.003125 0.003125
0 0.2625 0.4421875 0.0171875 0.0171875
0 0.2671875 0.4828125 0.0046875 0.00625
0 0.1859375 0.5640625 0.0046875 0.0046875
0 0.190625 0.5640625 0.003125 0.003125
0 0.24375 0.584375 0.0046875 0.0046875
0 0.2234375 0.5390625 0.0125 0.0125
0 0.35 0.6578125 0.00625 0.0046875
0 0.3125 0.6609375 0.003125 0.00625
0 0.2734375 0.625 0.0046875 0.003125
0 0.403125 0.771875 0.0046875 0.00625
0 0.4109375 0.7734375 0.0046875 0.00625
0 0.40625 0.5859375 0.003125 0.00625
0 0.4515625 0.559375 0.04375 0.04375
0 0.4921875 0.5328125 0.0390625 0.0375
0 0.5640625 0.5046875 0.0046875 0.0046875
0 0.559375 0.4859375 0.0046875 0.0078125
0 0.5515625 0.521875 0.040625 0.0421875
0 0.4640625 0.4890625 0.003125 0.0046875
0 0.484375 0.46875 0.0046875 0.0046875
0 0.509375 0.453125 0.0234375 0.0203125
0 0.5875 0.459375 0.034375 0.028125
0 0.58125 0.475 0.0171875 0.015625
0 0.6515625 0.4484375 0.0125 0.0109375
0 0.6875 0.4859375 0.0046875 0.0078125
0 0.653125 0.534375 0.0046875 0.0046875
0 0.721875 0.5296875 0.0375 0.0328125
0 0.6859375 0.5828125 0.0046875 0.00625
0 0.659375 0.6265625 0.003125 0.0046875
0 0.60625 0.6421875 0.0046875 0.00625
0 0.590625 0.6421875 0.0046875 0.003125
0 0.54375 0.665625 0.0046875 0.0046875
0 0.4921875 0.6421875 0.00625 0.00625
0 0.484375 0.6234375 0.003125 0.0046875
0 0.340625 0.74375 0.0296875 0.03125
0 0.5609375 0.7875 0.0046875 0.00625
0 0.54375 0.81875 0.00625 0.00625
0 0.575 0.7875 0.0046875 0.00625
0 0.5875 0.76875 0.0046875 0.0046875
0 0.6484375 0.7390625 0.003125 0.00625
0 0.671875 0.728125 0.0046875 0.0046875
0 0.75 0.6984375 0.0046875 0.00625
0 0.734375 0.7265625 0.0046875 0.0046875
0 0.809375 0.6546875 0.0046875 0.0046875
0 0.759375 0.665625 0.00625 0.00625
0 0.803125 0.5390625 0.0078125 0.0046875
0 0.809375 0.5140625 0.0125 0.009375
0 0.821875 0.4484375 0.0046875 0.00625
0 0.8203125 0.425 0.0046875 0.0046875
0 0.7734375 0.4125 0.0046875 0.0046875
0 0.684375 0.421875 0.0046875 0.0046875
0 0.6703125 0.3875 0.003125 0.0046875
0 0.6765625 0.3703125 0.003125 0.003125
0 0.675 0.3015625 0.015625 0.0140625
0 0.6921875 0.28125 0.015625 0.015625
0 0.6328125 0.3328125 0.0046875 0.0046875
0 0.546875 0.33125 0.0203125 0.015625
0 0.5 0.29375 0.0203125 0.015625
0 0.5453125 0.278125 0.0046875 0.00625
0 0.446875 0.275 0.0078125 0.00625
0 0.425 0.2890625 0.0046875 0.0046875
0 0.3921875 0.346875 0.003125 0.0046875
0 0.3640625 0.3328125 0.0109375 0.009375
0 0.3171875 0.284375 0.0078125 0.0078125
0 0.29375 0.409375 0.0359375 0.028125
0 0.3796875 0.4359375 0.00625 0.0046875
0 0.4078125 0.4640625 0.0046875 0.003125
0 0.596875 0.809375 0.0046875 0.0046875
0 0.615625 0.7984375 0.0046875 0.0046875
0 0.5875 0.8046875 0.0046875 0.0046875
0 0.5796875 0.81875 0.0046875 0.0046875
0 0.603125 0.55 0.00625 0.0078125
0 0.5921875 0.5828125 0.0046875 0.00625
0 0.20625 0.6015625 0.0046875 0.0046875
0 0.1921875 0.44375 0.0046875 0.0078125
0 0.2140625 0.4078125 0.00625 0.00625
0 0.2046875 0.4015625 0.0046875 0.0046875
0 0.3078125 0.3703125 0.003125 0.003125
0 0.63125 0.2546875 0.0109375 0.0109375
0 0.7046875 0.303125 0.0125 0.0140625