0 0.5640625 0.5234375 0.0078125 0.009375
0 0.571875 0.503125 0.00625 0.00625
0 0.5796875 0.4703125 0.0109375 0.009375
0 0.5953125 0.4671875 0.009375 0.00625
0 0.5609375 0.465625 0.0078125 0.00625
0 0.5109375 0.475 0.0078125 0.0078125
0 0.5359375 0.41875 0.015625 0.0109375
0 0.55625 0.4046875 0.0109375 0.0078125
0 0.6828125 0.4265625 0.0078125 0.00625
0 0.6890625 0.440625 0.0078125 0.00625
0 0.690625 0.475 0.00625 0.009375
0 0.7125 0.453125 0.0453125 0.0375
0 0.7578125 0.4421875 0.00625 0.0078125
0 0.715625 0.4015625 0.003125 0.0046875
0 0.7125 0.3640625 0.0046875 0.00625
0 0.684375 0.375 0.00625 0.00625
0 0.6640625 0.3578125 0.0484375 0.0359375
0 0.6390625 0.334375 0.0046875 0.00625
0 0.721875 0.3421875 0.0046875 0.0046875
0 0.7109375 0.328125 0.0046875 0.00625
0 0.61875 0.2921875 0.00625 0.00625
0 0.6078125 0.2890625 0.009375 0.0078125
0 0.5625 0.2890625 0.00625 0.00625
0 0.509375 0.290625 0.00625 0.00625
0 0.534375 0.328125 0.0328125 0.028125
0 0.465625 0.3296875 0.0046875 0.0078125
0 0.4484375 0.378125 0.009375 0.009375
0 0.4375 0.3359375 0.034375 0.0265625
0 0.3859375 0.3140625 0.034375 0.028125
0 0.4078125 0.3796875 0.009375 0.009375
0 0.3734375 0.375 0.0078125 0.0078125
0 0.3265625 0.353125 0.0140625 0.0140625
0 0.275 0.3265625 0.0203125 0.0171875
0 0.240625 0.3359375 0.00625 0.00625
0 0.23125 0.35625 0.00625 0.00625
0 0.2046875 0.3796875 0.0078125 0.009375
0 0.215625 0.3953125 0.0046875 0.0078125
0 0.2734375 0.40625 0.0046875 0.00625
0 0.303125 0.4328125 0.0046875 0.0078125
0 0.2671875 0.4390625 0.00625 0.00625
0 0.246875 0.4421875 0.0046875 0.0046875
0 0.259375 0.459375 0.0078125 0.0109375
0 0.240625 0.4765625 0.009375 0.0078125
0 0.365625 0.4515625 0.00625 0.0046875
0 0.4171875 0.465625 0.003125 0.0046875
0 0.4578125 0.4203125 0.0453125 0.040625
0 0.28125 0.4515625 0.0140625 0.0109375
0 0.2375 0.521875 0.00625 0.009375
0 0.24375 0.5296875 0.00625 0.0078125
0 0.246875 0.5375 0.00625 0.0078125
0 0.20625 0.509375 0.01875 0.0171875
0 0.1671875 0.5328125 0.00625 0.0078125
0 0.234375 0.60625 0.0078125 0.009375
0 0.1765625 0.6078125 0.0078125 0.0078125
0 0.171875 0.6 0.00625 0.0046875
0 0.3109375 0.5609375 0.003125 0.00625
0 0.3359375 0.5296875 0.0046875 0.0078125
0 0.1625 0.6140625 0.00625 0.009375
0 0.1765625 0.621875 0.0046875 0.00625
0 0.178125 0.6625 0.009375 0.009375
0 0.1609375 0.6640625 0.015625 0.015625
0 0.1890625 0.678125 0.015625 0.0140625
0 0.18125 0.6984375 0.00625 0.00625
0 0.625 0.7375 0.0140625 0.0140625
0 0.6359375 0.8015625 0.009375 0.0125
0 0.578125 0.6859375 0.009375 0.009375
0 0.659375 0.628125 0.0078125 0.009375
0 0.6578125 0.59375 0.00625 0.00625
0 0.73125 0.65 0.00625 0.0078125
0 0.7359375 0.65625 0.0078125 0.009375
0 0.7625 0.634375 0.00625 0.00625
0 0.7578125 0.6453125 0.00625 0.009375
0 0.7578125 0.609375 0.003125 0.0078125
0 0.721875 0.5625 0.0078125 0.0078125
0 0.790625 0.559375 0.0078125 0.00625
0 0.6296875 0.5703125 0.0375 0.0296875
0 0.678125 0.4015625 0.0265625 0.01875
0 0.6703125 0.3171875 0.00625 0.0078125
0 0.59375 0.325 0.00625 0.00625
0 0.4921875 0.59375 0.00625 0.009375
0 0.44375 0.5765625 0.0078125 0.009375
0 0.409375 0.5421875 0.00625 0.0078125
0 0.4296875 0.6890625 0.0109375 0.0125
0 0.6984375 0.7046875 0.03125 0.0296875
0 0.7765625 0.6875 0.0109375 0.009375
0 0.3125 0.2984375 0.0046875 0.0078125
0 0.315625 0.2890625 0.00625 0.009375
0 0.1734375 0.4265625 0.0046875 0.0078125
0 0.13125 0.5796875 0.0078125 0.0078125