0 0.5484375 0.4390625 0.0375 0.0375
0 0.3859375 0.3328125 0.0078125 0.009375
0 0.565625 0.2609375 0.0046875 0.0078125
0 0.5328125 0.328125 0.0046875 0.0078125
0 0.309375 0.3921875 0.0046875 0.00625
0 0.2203125 0.6421875 0.0140625 0.0171875
0 0.2671875 0.6484375 0.0046875 0.00625
0 0.4234375 0.709375 0.00625 0.0078125
0 0.46875 0.678125 0.0078125 0.009375
0 0.63125 0.7609375 0.00625 0.009375
0 0.7140625 0.7078125 0.0046875 0.0078125
0 0.73125 0.459375 0.0203125 0.021875
0 0.6296875 0.4359375 0.00625 0.0078125
0 0.4359375 0.5421875 0.0203125 0.0234375
0 0.4375 0.5859375 0.003125 0.0046875
0 0.4265625 0.2390625 0.009375 0.00625