0 0.53125 0.7859375 0.0140625 0.0125
0 0.5171875 0.815625 0.0125 0.0125
0 0.453125 0.8265625 0.0078125 0.0078125
0 0.540625 0.85 0.009375 0.0125
0 0.621875 0.825 0.0140625 0.0140625
0 0.625 0.7671875 0.0125 0.0140625
0 0.621875 0.7203125 0.009375 0.0109375
0 0.6359375 0.7046875 0.028125 0.034375
0 0.675 0.7359375 0.0140625 0.0125
0 0.715625 0.7328125 0.0078125 0.009375
0 0.7234375 0.746875 0.0078125 0.0109375
0 0.7359375 0.74375 0.00625 0.009375
0 0.721875 0.665625 0.0078125 0.0109375
0 0.6921875 0.6171875 0.0109375 0.0125
0 0.60625 0.6234375 0.0078125 0.0078125
0 0.6390625 0.6796875 0.00625 0.00625
0 0.675 0.6484375 0.009375 0.0078125
0 0.740625 0.5953125 0.0078125 0.0109375
0 0.8 0.5546875 0.0375 0.04375
0 0.7734375 0.55 0.0078125 0.009375
0 0.7234375 0.5484375 0.009375 0.0109375
0 0.6859375 0.53125 0.0078125 0.0109375
0 0.715625 0.50625 0.0328125 0.034375
0 0.728125 0.475 0.009375 0.0125
0 0.7671875 0.4765625 0.03125 0.0390625
0 0.8015625 0.5140625 0.0078125 0.0125
0 0.475 0.615625 0.00625 0.0109375
0 0.484375 0.703125 0.00625 0.009375
0 0.4265625 0.5828125 0.0109375 0.0109375
0 0.353125 0.5625 0.0359375 0.040625
0 0.25 0.6453125 0.0078125 0.009375
0 0.2671875 0.65 0.0078125 0.0078125
0 0.1625 0.675 0.0078125 0.0109375
0 0.184375 0.5375 0.0203125 0.021875
0 0.1828125 0.5640625 0.0078125 0.009375
0 0.28125 0.4703125 0.009375 0.009375
0 0.2265625 0.4515625 0.009375 0.0125
0 0.1890625 0.3765625 0.0109375 0.0140625
0 0.2296875 0.3515625 0.0078125 0.00625
0 0.2375 0.33125 0.0078125 0.009375
0 0.1484375 0.3390625 0.009375 0.009375
0 0.1734375 0.3375 0.00625 0.0078125
0 0.1921875 0.290625 0.00625 0.009375
0 0.315625 0.2375 0.009375 0.0140625
0 0.334375 0.240625 0.0109375 0.0140625
0 0.309375 0.31875 0.00625 0.0078125
0 0.35625 0.2453125 0.00625 0.0078125
0 0.3765625 0.25 0.00625 0.0078125
0 0.3859375 0.240625 0.00625 0.0109375
0 0.4171875 0.30625 0.0140625 0.0140625
0 0.4796875 0.2578125 0.009375 0.0109375
0 0.475 0.21875 0.009375 0.009375
0 0.45 0.184375 0.00625 0.009375
0 0.521875 0.20625 0.00625 0.0078125
0 0.575 0.1671875 0.0046875 0.0078125
0 0.5890625 0.2203125 0.00625 0.0109375
0 0.5515625 0.275 0.0125 0.015625
0 0.5828125 0.303125 0.009375 0.0109375
0 0.471875 0.309375 0.0078125 0.0125
0 0.515625 0.36875 0.009375 0.009375
0 0.590625 0.3625 0.009375 0.009375
0 0.6265625 0.3359375 0.0171875 0.021875
0 0.6703125 0.35625 0.009375 0.0109375
0 0.69375 0.3453125 0.0078125 0.0078125
0 0.734375 0.35625 0.0078125 0.0078125
0 0.6859375 0.3609375 0.0046875 0.0078125
0 0.69375 0.25 0.0125 0.015625
0 0.63125 0.20625 0.0078125 0.009375
0 0.5625 0.1796875 0.00625 0.009375
0 0.51875 0.1609375 0.00625 0.009375
0 0.778125 0.384375 0.009375 0.0125
0 0.684375 0.4375 0.0109375 0.0125
0 0.5203125 0.490625 0.0109375 0.0109375
0 0.4703125 0.403125 0.0078125 0.0109375
0 0.3578125 0.3921875 0.009375 0.009375
0 0.4015625 0.4734375 0.0078125 0.0109375
0 0.4109375 0.41875 0.053125 0.0484375
0 0.240625 0.2921875 0.05 0.040625
0 0.1546875 0.4515625 0.053125 0.040625
0 0.4671875 0.671875 0.065625 0.08125
0 0.6375 0.5984375 0.025 0.025
0 0.6265625 0.64375 0.06875 0.06875
0 0.659375 0.38125 0.0375 0.0421875
0 0.5953125 0.33125 0.0390625 0.04375
0 0.5421875 0.2125 0.0125 0.0125
0 0.5515625 0.23125 0.0265625 0.03125
0 0.6125 0.2109375 0.01875 0.028125