0 0.3640625 0.2046875 0.0109375 0.0171875
0 0.4 0.23125 0.0234375 0.034375
0 0.6421875 0.2375 0.0109375 0.0125
0 0.6296875 0.2734375 0.028125 0.03125
0 0.4984375 0.3421875 0.03125 0.028125
0 0.6703125 0.3234375 0.009375 0.0171875
0 0.7671875 0.3484375 0.0125 0.015625
0 0.7765625 0.2921875 0.0125 0.0203125
0 0.6046875 0.409375 0.009375 0.015625
0 0.415625 0.3921875 0.0078125 0.0171875
0 0.278125 0.3890625 0.015625 0.015625
0 0.28125 0.35 0.0390625 0.0484375
0 0.475 0.48125 0.0078125 0.0109375
0 0.4796875 0.525 0.009375 0.009375
0 0.41875 0.5765625 0.009375 0.0109375
0 0.39375 0.5875 0.0125 0.009375
0 0.31875 0.5828125 0.0125 0.015625
0 0.359375 0.7171875 0.03125 0.0359375
0 0.4703125 0.709375 0.0390625 0.0390625
0 0.4703125 0.7828125 0.0078125 0.0140625
0 0.496875 0.7859375 0.009375 0.0140625
0 0.615625 0.678125 0.0375 0.040625
0 0.6453125 0.703125 0.0109375 0.0109375
0 0.728125 0.7078125 0.009375 0.0125
0 0.7125 0.74375 0.0109375 0.0140625
0 0.6828125 0.653125 0.03125 0.0328125
0 0.5828125 0.590625 0.009375 0.0078125
0 0.6265625 0.559375 0.0234375 0.03125
0 0.1921875 0.5421875 0.0109375 0.0125
0 0.471875 0.1765625 0.0078125 0.0078125