0 0.33125 0.23125 0.028125 0.0265625
0 0.24375 0.2625 0.0109375 0.0140625
0 0.21875 0.296875 0.028125 0.0265625
0 0.2171875 0.2640625 0.00625 0.00625
0 0.1625 0.4734375 0.0109375 0.0125
0 0.5921875 0.678125 0.0125 0.0125
0 0.6203125 0.7921875 0.0046875 0.00625
0 0.6171875 0.7921875 0.003125 0.0046875
0 0.628125 0.8140625 0.0046875 0.00625
0 0.6453125 0.8125 0.009375 0.0078125
0 0.7296875 0.75625 0.0171875 0.015625
0 0.7859375 0.6921875 0.0140625 0.01875
0 0.7765625 0.6953125 0.003125 0.00625
0 0.6625 0.5734375 0.00625 0.0078125
0 0.7921875 0.5609375 0.0078125 0.0125
0 0.7015625 0.5234375 0.00625 0.0078125
0 0.6953125 0.4875 0.0078125 0.009375
0 0.7953125 0.471875 0.0359375 0.0390625
0 0.7671875 0.4171875 0.009375 0.00625
0 0.7328125 0.3546875 0.0078125 0.009375
0 0.596875 0.175 0.0078125 0.00625
0 0.3015625 0.2 0.00625 0.00625
0 0.5515625 0.50625 0.0078125 0.009375
0 0.5578125 0.55625 0.0078125 0.0078125
0 0.4125 0.6328125 0.0078125 0.0078125