0 0.496875 0.7828125 0.0109375 0.0109375
0 0.5546875 0.8 0.0109375 0.0140625
0 0.48125 0.8328125 0.015625 0.015625
0 0.534375 0.73125 0.0125 0.015625
0 0.5578125 0.7234375 0.015625 0.0109375
0 0.5578125 0.6734375 0.0140625 0.015625
0 0.5203125 0.659375 0.0109375 0.01875
0 0.528125 0.7015625 0.0140625 0.0140625
0 0.60625 0.671875 0.0078125 0.0140625
0 0.5890625 0.678125 0.0109375 0.0140625
0 0.628125 0.671875 0.0125 0.015625
0 0.7109375 0.6765625 0.0109375 0.0171875
0 0.6296875 0.753125 0.00625 0.0125
0 0.6515625 0.7375 0.009375 0.0125
0 0.434375 0.78125 0.0109375 0.0171875
0 0.5359375 0.6765625 0.00625 0.0109375
0 0.4875 0.690625 0.0140625 0.0109375
0 0.434375 0.6109375 0.0109375 0.0125
0 0.225 0.565625 0.03125 0.028125
0 0.2078125 0.46875 0.015625 0.021875
0 0.1578125 0.46875 0.0171875 0.0109375
0 0.3 0.3921875 0.0203125 0.01875
0 0.3625 0.41875 0.0109375 0.009375
0 0.43125 0.45 0.00625 0.0140625
0 0.328125 0.3796875 0.009375 0.0125
0 0.4140625 0.2953125 0.0109375 0.0140625
0 0.3890625 0.353125 0.0078125 0.0125
0 0.4515625 0.3109375 0.009375 0.01875
0 0.39375 0.31875 0.00625 0.015625
0 0.365625 0.284375 0.0125 0.009375
0 0.2421875 0.4171875 0.0109375 0.0125
0 0.35625 0.534375 0.021875 0.0265625
0 0.3984375 0.4828125 0.03125 0.0328125
0 0.2765625 0.521875 0.021875 0.0234375
0 0.259375 0.4984375 0.0078125 0.0125
0 0.1890625 0.50625 0.0109375 0.0125
0 0.1765625 0.4734375 0.009375 0.0125
0 0.415625 0.5140625 0.0109375 0.0125
0 0.3890625 0.5234375 0.0078125 0.0109375
0 0.4828125 0.5609375 0.0109375 0.0140625
0 0.5125 0.5234375 0.009375 0.0140625
0 0.6015625 0.534375 0.0203125 0.0234375
0 0.5359375 0.4375 0.0171875 0.0265625
0 0.50625 0.4671875 0.01875 0.021875
0 0.4015625 0.3734375 0.0171875 0.0171875
0 0.515625 0.3265625 0.0265625 0.0171875
0 0.5109375 0.3625 0.009375 0.0109375
0 0.36875 0.3890625 0.009375 0.0171875
0 0.3546875 0.4453125 0.0125 0.01875
0 0.3796875 0.4265625 0.0078125 0.015625
0 0.25625 0.3859375 0.0109375 0.015625
0 0.4328125 0.2921875 0.0078125 0.0140625
0 0.5828125 0.378125 0.00625 0.0109375
0 0.6671875 0.2765625 0.0125 0.009375
0 0.675 0.2859375 0.0125 0.0140625
0 0.640625 0.346875 0.0125 0.0125
0 0.6859375 0.346875 0.0109375 0.0109375
0 0.70625 0.3484375 0.0109375 0.015625
0 0.790625 0.375 0.0125 0.0140625
0 0.75 0.4015625 0.0109375 0.0171875
0 0.728125 0.38125 0.0078125 0.0140625
0 0.775 0.4265625 0.009375 0.015625
0 0.6 0.3796875 0.0109375 0.0109375
0 0.5546875 0.3546875 0.0078125 0.0078125
0 0.640625 0.44375 0.009375 0.009375
0 0.6734375 0.4359375 0.0046875 0.009375
0 0.66875 0.4359375 0.0046875 0.0078125
0 0.6953125 0.4515625 0.0078125 0.0078125
0 0.709375 0.475 0.009375 0.0078125
0 0.6609375 0.49375 0.009375 0.0125
0 0.7859375 0.39375 0.0078125 0.009375
0 0.784375 0.440625 0.00625 0.0078125
0 0.7921875 0.5078125 0.0078125 0.009375
0 0.740625 0.55625 0.00625 0.0109375
0 0.7203125 0.559375 0.0078125 0.0078125
0 0.8546875 0.5234375 0.0078125 0.0109375
0 0.8140625 0.575 0.009375 0.009375
0 0.75625 0.56875 0.0046875 0.0078125
0 0.7453125 0.590625 0.0078125 0.0109375
0 0.7734375 0.6 0.0078125 0.009375
0 0.80625 0.6125 0.00625 0.0109375
0 0.7921875 0.628125 0.0078125 0.00625
0 0.7890625 0.70625 0.0078125 0.0109375
0 0.309375 0.5765625 0.015625 0.0140625
0 0.175 0.4328125 0.00625 0.009375
0 0.2125 0.371875 0.0078125 0.0125
0 0.246875 0.3875 0.00625 0.0109375
0 0.3484375 0.31875 0.009375 0.0078125
0 0.4984375 0.259375 0.0078125 0.0109375
0 0.4890625 0.2828125 0.0078125 0.009375
0 0.5328125 0.275 0.00625 0.009375
0 0.5328125 0.315625 0.00625 0.00625
0 0.571875 0.31875 0.00625 0.009375
0 0.803125 0.4046875 0.009375 0.0078125
0 0.728125 0.2984375 0.00625 0.009375
0 0.753125 0.3109375 0.0078125 0.0078125
0 0.5640625 0.2640625 0.0078125 0.0109375
0 0.4453125 0.3921875 0.009375 0.0109375
0 0.396875 0.4234375 0.0078125 0.0046875
0 0.3953125 0.4171875 0.0078125 0.00625
0 0.3796875 0.371875 0.0046875 0.00625
0 0.5953125 0.3734375 0.00625 0.0078125
0 0.5171875 0.2796875 0.0078125 0.0078125
0 0.4859375 0.3046875 0.0078125 0.0078125
0 0.44375 0.31875 0.0078125 0.009375
0 0.4390625 0.325 0.00625 0.00625
0 0.5765625 0.23125 0.0078125 0.009375
0 0.1671875 0.4796875 0.0078125 0.0125