0 0.365625 0.771875 0.00625 0.009375
0 0.1875 0.56875 0.046875 0.034375
0 0.1171875 0.5046875 0.0078125 0.0078125
0 0.2203125 0.375 0.0078125 0.009375
0 0.2734375 0.2875 0.00625 0.0078125
0 0.2984375 0.2125 0.00625 0.009375
0 0.3359375 0.2140625 0.0078125 0.009375
0 0.575 0.321875 0.00625 0.0078125
0 0.6359375 0.46875 0.0078125 0.0078125
0 0.575 0.4765625 0.0078125 0.0078125
0 0.725 0.590625 0.0078125 0.00625
0 0.3203125 0.5625 0.009375 0.0078125
0 0.425 0.3546875 0.0078125 0.009375
0 0.4109375 0.38125 0.00625 0.00625
0 0.4640625 0.4328125 0.00625 0.00625
0 0.1296875 0.6484375 0.0078125 0.009375
0 0.15 0.6390625 0.00625 0.009375
0 0.465625 0.5875 0.00625 0.0078125