0 0.6328125 0.553125 0.00625 0.0078125
0 0.6890625 0.5875 0.0046875 0.0046875
0 0.734375 0.6296875 0.00625 0.00625
0 0.6375 0.721875 0.0046875 0.00625
0 0.6625 0.73125 0.0046875 0.0046875
0 0.590625 0.715625 0.0046875 0.0078125
0 0.4734375 0.8265625 0.00625 0.0078125
0 0.4890625 0.8390625 0.0078125 0.00625
0 0.43125 0.821875 0.0046875 0.00625
0 0.24375 0.75625 0.0046875 0.00625
0 0.1796875 0.7078125 0.00625 0.00625
0 0.1140625 0.675 0.00625 0.0078125
0 0.1671875 0.4890625 0.0046875 0.00625
0 0.2140625 0.3 0.0078125 0.0078125
0 0.2984375 0.2046875 0.0046875 0.00625
0 0.5625 0.196875 0.00625 0.0046875
0 0.734375 0.3578125 0.0078125 0.00625
0 0.7203125 0.3328125 0.0078125 0.0078125
0 0.690625 0.4328125 0.0078125 0.0078125
0 0.7234375 0.4453125 0.003125 0.003125
0 0.365625 0.5078125 0.0046875 0.00625
0 0.3234375 0.546875 0.0046875 0.00625
0 0.321875 0.5515625 0.003125 0.0046875
0 0.4234375 0.359375 0.00625 0.00625
0 0.490625 0.35625 0.003125 0.0046875
0 0.4859375 0.3640625 0.003125 0.00625
0 0.4734375 0.340625 0.003125 0.0046875
0 0.4953125 0.315625 0.003125 0.0046875
0 0.534375 0.2859375 0.0046875 0.00625
0 0.5875 0.2796875 0.00625 0.0046875
0 0.4875 0.5671875 0.0046875 0.00625