0 0.3265625 0.6796875 0.0109375 0.0125
0 0.3359375 0.6984375 0.00625 0.0078125
0 0.3109375 0.6875 0.00625 0.00625
0 0.2734375 0.7625 0.0046875 0.00625
0 0.2796875 0.7671875 0.003125 0.0046875
0 0.30625 0.790625 0.0046875 0.00625
0 0.478125 0.828125 0.0046875 0.00625
0 0.48125 0.8359375 0.0046875 0.00625
0 0.5359375 0.8359375 0.00625 0.009375
0 0.5546875 0.846875 0.00625 0.0046875
0 0.8125 0.6703125 0.0046875 0.00625
0 0.828125 0.603125 0.00625 0.009375
0 0.7953125 0.3359375 0.009375 0.0109375
0 0.7609375 0.28125 0.0046875 0.00625
0 0.565625 0.1609375 0.00625 0.0078125
0 0.4453125 0.1640625 0.0046875 0.00625
0 0.4734375 0.1546875 0.0046875 0.0046875
0 0.290625 0.2765625 0.0046875 0.0078125
0 0.28125 0.2390625 0.0046875 0.0046875
0 0.2703125 0.3765625 0.0078125 0.00625
0 0.33125 0.359375 0.00625 0.00625
0 0.471875 0.34375 0.003125 0.00625
0 0.4328125 0.5828125 0.00625 0.00625
0 0.2 0.6375 0.0046875 0.0078125
0 0.225 0.425 0.00625 0.0078125
0 0.4140625 0.2875 0.0078125 0.0078125
0 0.2203125 0.6828125 0.0078125 0.0125
0 0.303125 0.73125 0.0109375 0.0078125
0 0.303125 0.7234375 0.0078125 0.00625