0 0.415625 0.5875 0.0046875 0.0078125
0 0.353125 0.621875 0.0046875 0.00625
0 0.5921875 0.7046875 0.00625 0.00625
0 0.54375 0.6859375 0.003125 0.00625
0 0.5078125 0.640625 0.00625 0.00625
0 0.6171875 0.596875 0.00625 0.00625
0 0.6484375 0.6109375 0.003125 0.0046875
0 0.7484375 0.36875 0.0046875 0.0078125
0 0.6515625 0.3484375 0.0046875 0.00625
0 0.2390625 0.290625 0.0046875 0.00625
0 0.3359375 0.2671875 0.0046875 0.0078125
0 0.3953125 0.275 0.0046875 0.00625
0 0.4078125 0.275 0.0046875 0.0046875
0 0.3671875 0.309375 0.0046875 0.0046875
0 0.246875 0.371875 0.0046875 0.0046875
0 0.3234375 0.3859375 0.0046875 0.003125
0 0.396875 0.4109375 0.0046875 0.0046875
0 0.3796875 0.3828125 0.003125 0.0046875
0 0.4640625 0.3765625 0.003125 0.0046875
0 0.3875 0.3453125 0.003125 0.003125
0 0.4953125 0.403125 0.0046875 0.003125
0 0.4265625 0.6609375 0.0046875 0.00625
0 0.3703125 0.74375 0.0046875 0.00625
0 0.5609375 0.6 0.0046875 0.00625
0 0.5125 0.565625 0.003125 0.0046875
0 0.475 0.615625 0.0046875 0.00625
0 0.559375 0.5140625 0.00625 0.0078125
0 0.653125 0.4859375 0.00625 0.009375
0 0.65 0.471875 0.00625 0.00625
0 0.68125 0.4203125 0.00625 0.00625
0 0.5546875 0.290625 0.0046875 0.0046875
0 0.5 0.2140625 0.00625 0.00625
0 0.509375 0.2140625 0.00625 0.0078125
0 0.4625 0.1984375 0.00625 0.00625