0 0.2859375 0.6359375 0.0078125 0.0078125
0 0.3140625 0.6921875 0.00625 0.00625
0 0.34375 0.721875 0.0046875 0.009375
0 0.35 0.7453125 0.0046875 0.0046875
0 0.378125 0.765625 0.00625 0.00625
0 0.409375 0.740625 0.0046875 0.0046875
0 0.3875 0.7203125 0.0046875 0.0046875
0 0.3390625 0.8171875 0.0046875 0.0046875
0 0.525 0.8078125 0.0046875 0.00625
0 0.5265625 0.771875 0.0046875 0.0046875
0 0.6859375 0.7453125 0.0078125 0.009375
0 0.7609375 0.7296875 0.00625 0.0078125
0 0.7234375 0.7 0.00625 0.0078125
0 0.7265625 0.6390625 0.0046875 0.00625
0 0.7328125 0.6546875 0.0046875 0.00625
0 0.784375 0.6421875 0.00625 0.0078125
0 0.8140625 0.621875 0.00625 0.00625
0 0.6859375 0.5515625 0.0046875 0.00625
0 0.7109375 0.5421875 0.003125 0.00625
0 0.6453125 0.5421875 0.0078125 0.0078125
0 0.621875 0.5453125 0.009375 0.0078125
0 0.728125 0.4875 0.009375 0.0078125
0 0.7203125 0.4640625 0.0046875 0.0046875
0 0.7328125 0.4640625 0.003125 0.0046875
0 0.65625 0.4796875 0.003125 0.003125
0 0.665625 0.490625 0.003125 0.0046875
0 0.6546875 0.503125 0.003125 0.003125
0 0.65 0.5078125 0.003125 0.0046875
0 0.621875 0.50625 0.003125 0.0015625
0 0.8 0.4078125 0.00625 0.003125
0 0.803125 0.434375 0.00625 0.00625
0 0.759375 0.3640625 0.0046875 0.0046875
0 0.7421875 0.359375 0.0046875 0.003125
0 0.621875 0.2296875 0.0046875 0.0046875
0 0.5734375 0.2109375 0.00625 0.0078125
0 0.5953125 0.1890625 0.00625 0.0046875
0 0.590625 0.175 0.003125 0.0046875
0 0.44375 0.190625 0.00625 0.0078125
0 0.3453125 0.234375 0.00625 0.0078125
0 0.3515625 0.2015625 0.003125 0.0046875
0 0.3109375 0.275 0.0046875 0.00625
0 0.378125 0.2609375 0.0046875 0.0078125
0 0.334375 0.3203125 0.0046875 0.00625
0 0.1875 0.35 0.0046875 0.0078125
0 0.18125 0.3671875 0.00625 0.00625
0 0.25 0.4421875 0.00625 0.0078125
0 0.190625 0.4515625 0.0046875 0.0046875
0 0.290625 0.465625 0.003125 0.0046875
0 0.33125 0.490625 0.0046875 0.00625
0 0.390625 0.4640625 0.00625 0.00625
0 0.43125 0.49375 0.0046875 0.00625
0 0.3828125 0.5546875 0.0046875 0.003125
0 0.3953125 0.5828125 0.003125 0.0046875
0 0.59375 0.678125 0.0046875 0.003125
0 0.275 0.7765625 0.003125 0.003125
0 0.2421875 0.7515625 0.003125 0.003125
0 0.234375 0.7609375 0.0046875 0.0046875
0 0.246875 0.7546875 0.003125 0.003125
0 0.190625 0.6484375 0.0046875 0.0046875
0 0.303125 0.575 0.0046875 0.0046875
0 0.2265625 0.4484375 0.003125 0.0046875
0 0.76875 0.303125 0.0046875 0.00625
0 0.728125 0.5203125 0.003125 0.00625
0 0.4625 0.4046875 0.0046875 0.00625
0 0.459375 0.340625 0.0078125 0.00625
0 0.4671875 0.3015625 0.0078125 0.0078125
0 0.5140625 0.246875 0.00625 0.0078125
0 0.6578125 0.315625 0.00625 0.009375
0 0.6421875 0.4078125 0.0078125 0.00625
0 0.5234375 0.25625 0.0046875 0.00625
0 0.4703125 0.2484375 0.0046875 0.00625
0 0.4640625 0.2390625 0.00625 0.0078125
0 0.5390625 0.20625 0.00625 0.0078125
0 0.56875 0.303125 0.00625 0.00625
0 0.571875 0.3546875 0.0046875 0.003125
0 0.5765625 0.35625 0.003125 0.003125
0 0.35625 0.4546875 0.0046875 0.0046875
0 0.340625 0.4640625 0.003125 0.0046875
0 0.21875 0.5140625 0.00625 0.0046875
0 0.1828125 0.55 0.00625 0.0078125
0 0.2796875 0.378125 0.003125 0.0078125
0 0.2484375 0.3328125 0.0046875 0.00625
0 0.790625 0.4734375 0.0046875 0.00625
0 0.775 0.4734375 0.0046875 0.00625
0 0.76875 0.415625 0.0046875 0.00625
0 0.7765625 0.4046875 0.0046875 0.0046875
0 0.55625 0.2671875 0.00625 0.00625
0 0.20625 0.4078125 0.00625 0.00625
0 0.1265625 0.434375 0.0078125 0.0078125