0 0.40625 0.5609375 0.00625 0.00625
0 0.403125 0.5828125 0.00625 0.00625
0 0.315625 0.5359375 0.0046875 0.00625
0 0.14375 0.5171875 0.0046875 0.00625
0 0.11875 0.534375 0.0046875 0.00625
0 0.1734375 0.534375 0.00625 0.0078125
0 0.2078125 0.6546875 0.0078125 0.0078125
0 0.1609375 0.6703125 0.0046875 0.00625
0 0.196875 0.6421875 0.0046875 0.00625
0 0.275 0.7 0.0046875 0.00625
0 0.228125 0.725 0.0046875 0.0078125
0 0.1765625 0.7515625 0.00625 0.0078125
0 0.2515625 0.7796875 0.0046875 0.0078125
0 0.234375 0.803125 0.0078125 0.0078125
0 0.2953125 0.7796875 0.0046875 0.00625
0 0.253125 0.74375 0.003125 0.003125
0 0.2875 0.734375 0.003125 0.003125
0 0.48125 0.7859375 0.0046875 0.0078125
0 0.4671875 0.7609375 0.0046875 0.0046875
0 0.503125 0.803125 0.0046875 0.00625
0 0.5171875 0.78125 0.0046875 0.0046875
0 0.5671875 0.7953125 0.003125 0.0046875
0 0.6078125 0.7640625 0.00625 0.00625
0 0.63125 0.76875 0.003125 0.00625
0 0.61875 0.7828125 0.0046875 0.00625
0 0.75625 0.55 0.0046875 0.0078125
0 0.43125 0.46875 0.0046875 0.00625
0 0.4359375 0.496875 0.003125 0.0046875
0 0.4171875 0.6375 0.00625 0.0078125
0 0.365625 0.6296875 0.00625 0.0078125
0 0.4578125 0.675 0.0046875 0.0078125
0 0.496875 0.65 0.0078125 0.00625
0 0.4484375 0.653125 0.003125 0.0046875
0 0.403125 0.659375 0.0046875 0.00625
0 0.3984375 0.6609375 0.003125 0.00625
0 0.5921875 0.65 0.0046875 0.0078125
0 0.6265625 0.6546875 0.0046875 0.00625
0 0.540625 0.7421875 0.003125 0.00625
0 0.1640625 0.6140625 0.003125 0.003125
0 0.128125 0.596875 0.0046875 0.0046875
0 0.103125 0.5625 0.0046875 0.0046875
0 0.128125 0.5484375 0.0046875 0.0046875
0 0.10625 0.5328125 0.003125 0.0046875
0 0.103125 0.5328125 0.0015625 0.003125
0 0.1453125 0.5453125 0.0046875 0.003125
0 0.0953125 0.434375 0.0046875 0.0046875
0 0.103125 0.41875 0.003125 0.0046875
0 0.115625 0.4328125 0.003125 0.0046875
0 0.34375 0.603125 0.0015625 0.003125
0 0.340625 0.609375 0.003125 0.003125
0 0.196875 0.7015625 0.003125 0.0046875
0 0.365625 0.85625 0.0046875 0.00625
0 0.1921875 0.36875 0.0046875 0.0046875
0 0.1484375 0.3328125 0.0046875 0.00625