0 0.6609375 0.2625 0.00625 0.0078125
0 0.665625 0.2296875 0.0046875 0.00625
0 0.60625 0.24375 0.003125 0.0078125
0 0.5578125 0.3046875 0.0046875 0.0046875
0 0.50625 0.2984375 0.0046875 0.00625
0 0.48125 0.296875 0.003125 0.00625
0 0.43125 0.2953125 0.00625 0.00625
0 0.4546875 0.2171875 0.0046875 0.0046875
0 0.4734375 0.2515625 0.0046875 0.003125
0 0.4453125 0.2375 0.00625 0.0046875
0 0.490625 0.28125 0.0046875 0.0046875
0 0.4359375 0.1953125 0.00625 0.0046875
0 0.3890625 0.190625 0.003125 0.00625
0 0.3640625 0.2421875 0.003125 0.00625
0 0.16875 0.3546875 0.0046875 0.00625
0 0.1640625 0.353125 0.0046875 0.00625
0 0.165625 0.4765625 0.00625 0.00625
0 0.1828125 0.503125 0.0078125 0.00625
0 0.14375 0.5234375 0.0046875 0.0046875
0 0.2 0.55 0.00625 0.0078125
0 0.153125 0.56875 0.0078125 0.0078125
0 0.21875 0.5515625 0.0046875 0.00625
0 0.21875 0.525 0.0046875 0.00625
0 0.2625 0.5125 0.0046875 0.003125
0 0.31875 0.49375 0.003125 0.00625
0 0.33125 0.46875 0.003125 0.003125
0 0.3015625 0.55 0.0046875 0.0046875
0 0.3296875 0.5421875 0.003125 0.0046875
0 0.2046875 0.66875 0.003125 0.0046875
0 0.1828125 0.7125 0.00625 0.0046875
0 0.265625 0.7734375 0.0046875 0.0046875
0 0.2796875 0.76875 0.003125 0.0046875
0 0.3015625 0.765625 0.0046875 0.0046875
0 0.39375 0.8046875 0.0046875 0.00625
0 0.446875 0.825 0.0046875 0.0046875
0 0.4984375 0.7984375 0.003125 0.00625
0 0.496875 0.7828125 0.003125 0.003125
0 0.6359375 0.803125 0.003125 0.0078125
0 0.6859375 0.7828125 0.0046875 0.0046875
0 0.7375 0.6875 0.003125 0.0046875
0 0.690625 0.5671875 0.0046875 0.00625
0 0.71875 0.603125 0.0046875 0.0046875
0 0.759375 0.5171875 0.00625 0.0046875
0 0.7828125 0.5171875 0.0046875 0.0046875
0 0.7859375 0.4359375 0.00625 0.00625
0 0.6953125 0.2875 0.003125 0.0046875
0 0.7125 0.2796875 0.0046875 0.0078125
0 0.415625 0.3421875 0.00625 0.00625
0 0.475 0.396875 0.00625 0.0046875
0 0.5546875 0.421875 0.003125 0.0046875
0 0.56875 0.4828125 0.003125 0.0046875
0 0.6953125 0.5125 0.0046875 0.0046875
0 0.4015625 0.525 0.0046875 0.00625
0 0.61875 0.678125 0.00625 0.00625
0 0.63125 0.678125 0.0046875 0.0046875
0 0.640625 0.61875 0.003125 0.003125
0 0.6671875 0.6421875 0.0046875 0.0015625
0 0.3796875 0.696875 0.00625 0.00625
0 0.3390625 0.3125 0.0046875 0.003125
0 0.3359375 0.328125 0.003125 0.0046875
0 0.325 0.3453125 0.003125 0.00625
0 0.459375 0.3796875 0.003125 0.0046875
0 0.4765625 0.4421875 0.0046875 0.003125