0 0.5140625 0.29375 0.00625 0.00625
0 0.496875 0.309375 0.0046875 0.00625
0 0.4203125 0.1765625 0.00625 0.0078125
0 0.4046875 0.175 0.0046875 0.0046875
0 0.4421875 0.203125 0.0046875 0.00625
0 0.4609375 0.2125 0.003125 0.0046875
0 0.4734375 0.19375 0.0046875 0.00625
0 0.453125 0.1765625 0.003125 0.0046875
0 0.4625 0.1796875 0.003125 0.0046875
0 0.471875 0.178125 0.0015625 0.0046875
0 0.3703125 0.25625 0.00625 0.00625
0 0.3265625 0.2265625 0.0046875 0.00625
0 0.2921875 0.2609375 0.0046875 0.00625
0 0.284375 0.2828125 0.003125 0.00625
0 0.2265625 0.296875 0.003125 0.0078125
0 0.2359375 0.271875 0.003125 0.0046875
0 0.3125 0.296875 0.003125 0.00625
0 0.378125 0.346875 0.00625 0.00625
0 0.3671875 0.36875 0.0046875 0.00625
0 0.378125 0.3828125 0.003125 0.0046875
0 0.434375 0.35625 0.003125 0.0046875
0 0.43125 0.3546875 0.003125 0.0046875
0 0.4859375 0.403125 0.003125 0.0046875
0 0.6109375 0.3578125 0.003125 0.0046875
0 0.5609375 0.334375 0.003125 0.0078125
0 0.60625 0.325 0.003125 0.003125
0 0.64375 0.28125 0.00625 0.0078125
0 0.63125 0.296875 0.003125 0.00625
0 0.6796875 0.3890625 0.0046875 0.0046875
0 0.7265625 0.38125 0.0046875 0.00625
0 0.659375 0.4390625 0.0046875 0.00625
0 0.5703125 0.471875 0.0046875 0.00625
0 0.559375 0.559375 0.003125 0.00625
0 0.5015625 0.6109375 0.003125 0.0078125
0 0.4015625 0.6140625 0.00625 0.0046875
0 0.315625 0.603125 0.00625 0.00625
0 0.3140625 0.5796875 0.003125 0.0046875
0 0.2515625 0.6140625 0.00625 0.0078125
0 0.26875 0.6640625 0.0078125 0.0078125
0 0.2203125 0.6734375 0.003125 0.0046875
0 0.2625 0.6921875 0.0046875 0.0078125
0 0.15625 0.55 0.00625 0.00625
0 0.1203125 0.4625 0.00625 0.00625
0 0.13125 0.4703125 0.0078125 0.00625
0 0.1328125 0.3921875 0.0046875 0.009375
0 0.6546875 0.24375 0.0046875 0.00625
0 0.659375 0.2578125 0.003125 0.0078125
0 0.4546875 0.2421875 0.00625 0.00625
0 0.4484375 0.2703125 0.0046875 0.0078125
0 0.45625 0.26875 0.003125 0.003125
0 0.55 0.2109375 0.003125 0.00625
0 0.5203125 0.2140625 0.0046875 0.0046875
0 0.5625 0.2515625 0.003125 0.0046875
0 0.5578125 0.253125 0.0046875 0.00625
0 0.4734375 0.3125 0.0046875 0.0046875
0 0.415625 0.2828125 0.0046875 0.0078125
0 0.365625 0.3015625 0.00625 0.00625
0 0.3390625 0.3125 0.0046875 0.0046875
0 0.33125 0.3265625 0.0046875 0.0046875
0 0.2921875 0.3609375 0.00625 0.009375
0 0.303125 0.371875 0.00625 0.00625
0 0.2125 0.371875 0.0046875 0.00625
0 0.1703125 0.4234375 0.0046875 0.00625
0 0.24375 0.48125 0.00625 0.0046875
0 0.309375 0.5390625 0.0046875 0.00625
0 0.30625 0.5546875 0.003125 0.00625
0 0.1984375 0.6203125 0.0046875 0.0046875
0 0.653125 0.696875 0.00625 0.00625
0 0.6734375 0.7421875 0.00625 0.0078125
0 0.39375 0.475 0.00625 0.009375
0 0.3734375 0.50625 0.003125 0.00625
0 0.39375 0.4828125 0.0046875 0.0046875