0 0.684375 0.7640625 0.0078125 0.009375
0 0.7640625 0.6359375 0.0046875 0.00625
0 0.7765625 0.640625 0.0046875 0.00625
0 0.71875 0.578125 0.009375 0.0078125
0 0.7828125 0.53125 0.0046875 0.0078125
0 0.70625 0.521875 0.00625 0.00625
0 0.6328125 0.609375 0.003125 0.0046875
0 0.2421875 0.775 0.00625 0.00625
0 0.1703125 0.6671875 0.0046875 0.003125
0 0.1390625 0.634375 0.0046875 0.0078125
0 0.1796875 0.5 0.00625 0.0046875
0 0.1671875 0.490625 0.003125 0.0046875
0 0.1375 0.490625 0.00625 0.00625
0 0.1484375 0.4015625 0.0046875 0.0046875
0 0.2234375 0.375 0.003125 0.0078125
0 0.1765625 0.33125 0.0046875 0.00625
0 0.39375 0.209375 0.00625 0.0078125
0 0.4875 0.19375 0.0046875 0.00625
0 0.7390625 0.41875 0.0046875 0.00625
0 0.778125 0.396875 0.003125 0.0046875
0 0.1078125 0.446875 0.00625 0.0078125
0 0.1578125 0.2984375 0.0046875 0.00625
0 0.1515625 0.29375 0.00625 0.00625
0 0.3703125 0.3140625 0.0046875 0.0046875
0 0.365625 0.321875 0.003125 0.00625
0 0.4734375 0.3828125 0.0046875 0.0046875
0 0.28125 0.453125 0.00625 0.009375
0 0.4609375 0.140625 0.0078125 0.00625
0 0.53125 0.275 0.0046875 0.0046875
0 0.325 0.1875 0.0046875 0.0078125
0 0.38125 0.175 0.0046875 0.00625
0 0.4203125 0.1765625 0.003125 0.0046875
0 0.453125 0.178125 0.003125 0.00625
0 0.2703125 0.2703125 0.0046875 0.0046875
0 0.190625 0.2984375 0.0046875 0.00625