0 0.46875 0.5828125 0.015625 0.0234375
0 0.43125 0.4921875 0.0078125 0.0140625
0 0.4015625 0.496875 0.00625 0.0125
0 0.421875 0.5359375 0.0078125 0.0078125
0 0.3578125 0.634375 0.0109375 0.0125
0 0.4203125 0.6484375 0.0078125 0.00625
0 0.425 0.625 0.0046875 0.0046875
0 0.375 0.71875 0.0078125 0.009375
0 0.3703125 0.740625 0.0078125 0.009375
0 0.4015625 0.7640625 0.00625 0.00625
0 0.39375 0.7953125 0.00625 0.0078125
0 0.5234375 0.7109375 0.00625 0.009375
0 0.525 0.74375 0.00625 0.0078125
0 0.30625 0.7578125 0.0078125 0.0078125
0 0.225 0.6625 0.00625 0.00625
0 0.25 0.65 0.0078125 0.0125
0 0.21875 0.5703125 0.0078125 0.009375
0 0.1890625 0.50625 0.00625 0.0078125
0 0.1640625 0.5578125 0.00625 0.00625
0 0.15625 0.5703125 0.00625 0.00625
0 0.146875 0.6015625 0.00625 0.009375
0 0.175 0.6 0.00625 0.0078125
0 0.1515625 0.4265625 0.0046875 0.00625
0 0.1609375 0.471875 0.00625 0.00625
0 0.1640625 0.3890625 0.0078125 0.009375
0 0.18125 0.340625 0.0078125 0.0109375
0 0.1625 0.3359375 0.0078125 0.00625
0 0.2546875 0.3515625 0.003125 0.00625
0 0.440625 0.3390625 0.0046875 0.0078125
0 0.4359375 0.415625 0.0046875 0.00625
0 0.4640625 0.4171875 0.003125 0.0046875
0 0.3171875 0.25625 0.00625 0.009375
0 0.2625 0.215625 0.0046875 0.00625
0 0.3015625 0.190625 0.00625 0.0078125
0 0.25625 0.2078125 0.00625 0.00625
0 0.29375 0.1796875 0.0078125 0.0078125
0 0.3328125 0.15 0.0046875 0.0078125
0 0.465625 0.1546875 0.0046875 0.00625
0 0.54375 0.1734375 0.00625 0.0078125
0 0.5609375 0.196875 0.00625 0.00625
0 0.8234375 0.3359375 0.0046875 0.0078125
0 0.8171875 0.3375 0.0046875 0.0078125
0 0.8265625 0.3625 0.00625 0.0078125
0 0.5890625 0.6515625 0.00625 0.00625
0 0.625 0.709375 0.003125 0.0046875
0 0.565625 0.725 0.003125 0.00625
0 0.575 0.7140625 0.003125 0.00625
0 0.4734375 0.771875 0.0046875 0.00625
0 0.571875 0.8203125 0.0046875 0.0078125
0 0.6 0.834375 0.00625 0.0078125
0 0.509375 0.84375 0.00625 0.0078125
0 0.5234375 0.8484375 0.00625 0.00625
0 0.5953125 0.8421875 0.00625 0.0046875
0 0.528125 0.85625 0.0046875 0.00625
0 0.534375 0.853125 0.0046875 0.0046875
0 0.4875 0.859375 0.00625 0.00625
0 0.440625 0.8453125 0.0046875 0.00625
0 0.4 0.85625 0.00625 0.00625
0 0.2578125 0.6234375 0.0046875 0.0046875
0 0.1796875 0.6265625 0.00625 0.0078125
0 0.1625 0.6375 0.0078125 0.0109375
0 0.1453125 0.6453125 0.0046875 0.0078125
0 0.1875 0.6296875 0.0046875 0.00625
0 0.171875 0.3 0.00625 0.0078125
0 0.1765625 0.309375 0.00625 0.0046875
0 0.1796875 0.31875 0.0046875 0.0046875
0 0.184375 0.2703125 0.009375 0.009375
0 0.440625 0.159375 0.0046875 0.0078125
0 0.565625 0.2078125 0.0046875 0.0046875
0 0.496875 0.3875 0.0046875 0.00625
0 0.6140625 0.5765625 0.0046875 0.0078125
0 0.5796875 0.540625 0.0046875 0.0046875
0 0.5859375 0.5671875 0.00625 0.0046875
0 0.596875 0.615625 0.0046875 0.0078125
0 0.525 0.559375 0.0109375 0.009375
0 0.203125 0.715625 0.00625 0.009375