0 0.1734375 0.6296875 0.0109375 0.0078125
0 0.140625 0.640625 0.00625 0.0078125
0 0.425 0.559375 0.0078125 0.0078125
0 0.43125 0.5859375 0.0046875 0.00625
0 0.3265625 0.546875 0.0078125 0.00625
0 0.140625 0.4953125 0.0078125 0.0078125
0 0.11875 0.5109375 0.00625 0.00625
0 0.3703125 0.3171875 0.00625 0.0078125
0 0.384375 0.2015625 0.0078125 0.009375
0 0.4078125 0.2078125 0.009375 0.0078125
0 0.43125 0.20625 0.0078125 0.0078125
0 0.453125 0.228125 0.00625 0.0078125
0 0.6015625 0.3046875 0.009375 0.009375
0 0.4671875 0.328125 0.00625 0.0078125
0 0.4609375 0.3625 0.0078125 0.0078125
0 0.46875 0.403125 0.0078125 0.0078125
0 0.5109375 0.4328125 0.00625 0.00625
0 0.55 0.5515625 0.0046875 0.0046875
0 0.4078125 0.65 0.0078125 0.00625
0 0.48125 0.690625 0.0078125 0.009375
0 0.61875 0.7484375 0.009375 0.009375
0 0.7375 0.4859375 0.0078125 0.009375
0 0.221875 0.7453125 0.009375 0.0125