0 0.5125 0.3 0.0078125 0.0109375
0 0.371875 0.271875 0.0109375 0.009375
0 0.5109375 0.18125 0.0109375 0.0109375
0 0.759375 0.6515625 0.0078125 0.0078125
0 0.6390625 0.79375 0.009375 0.0078125
0 0.6984375 0.78125 0.00625 0.00625
0 0.70625 0.79375 0.0046875 0.00625
0 0.2828125 0.7265625 0.0078125 0.009375
0 0.3640625 0.575 0.009375 0.00625
0 0.3640625 0.3859375 0.0078125 0.0109375
0 0.5484375 0.4546875 0.0078125 0.0109375
0 0.5546875 0.2734375 0.00625 0.0078125
0 0.734375 0.21875 0.00625 0.00625
0 0.4453125 0.7125 0.0046875 0.009375
0 0.4390625 0.5625 0.0078125 0.00625