0 0.3546875 0.2671875 0.0078125 0.0078125
0 0.353125 0.2890625 0.00625 0.0046875
0 0.203125 0.29375 0.0078125 0.0078125
0 0.2875 0.365625 0.0078125 0.0078125
0 0.1875 0.375 0.00625 0.00625
0 0.1859375 0.3921875 0.0078125 0.00625
0 0.13125 0.459375 0.0078125 0.009375
0 0.19375 0.553125 0.0078125 0.0078125
0 0.228125 0.534375 0.00625 0.0078125
0 0.234375 0.5328125 0.00625 0.0078125
0 0.2734375 0.509375 0.00625 0.0078125
0 0.28125 0.5140625 0.00625 0.0078125
0 0.284375 0.528125 0.00625 0.0078125
0 0.221875 0.6796875 0.0109375 0.0109375
0 0.2859375 0.7265625 0.009375 0.0109375
0 0.24375 0.7421875 0.0078125 0.009375
0 0.275 0.7890625 0.00625 0.0078125
0 0.2453125 0.7734375 0.0078125 0.009375
0 0.4203125 0.8453125 0.00625 0.0078125
0 0.51875 0.85 0.00625 0.009375
0 0.603125 0.8125 0.0046875 0.00625
0 0.6078125 0.8203125 0.003125 0.00625
0 0.6078125 0.7015625 0.0078125 0.0078125
0 0.7015625 0.6875 0.00625 0.0078125
0 0.5484375 0.66875 0.0078125 0.0078125
0 0.528125 0.64375 0.0125 0.0109375
0 0.484375 0.63125 0.00625 0.0078125
0 0.4703125 0.65 0.0046875 0.0078125
0 0.753125 0.646875 0.0046875 0.0046875
0 0.7671875 0.4828125 0.009375 0.0078125
0 0.7015625 0.3796875 0.00625 0.0078125
0 0.7296875 0.3375 0.0078125 0.0078125
0 0.7078125 0.296875 0.00625 0.00625
0 0.64375 0.2671875 0.00625 0.0078125
0 0.5828125 0.2828125 0.00625 0.00625
0 0.515625 0.3015625 0.00625 0.0078125
0 0.4875 0.25625 0.00625 0.0078125
0 0.4015625 0.19375 0.0046875 0.00625
0 0.3859375 0.3390625 0.0078125 0.0046875
0 0.61875 0.4328125 0.00625 0.00625
0 0.4453125 0.740625 0.0125 0.0125
0 0.44375 0.6484375 0.0078125 0.009375
0 0.3609375 0.64375 0.015625 0.015625
0 0.4953125 0.4609375 0.00625 0.0078125
0 0.2875 0.4625 0.0109375 0.009375
0 0.28125 0.43125 0.00625 0.009375
0 0.5953125 0.5328125 0.0109375 0.0171875