0 0.575 0.3125 0.0078125 0.0109375
0 0.5390625 0.3125 0.00625 0.009375
0 0.5125 0.2875 0.00625 0.0078125
0 0.459375 0.315625 0.0078125 0.00625
0 0.4375 0.30625 0.00625 0.00625
0 0.378125 0.278125 0.0046875 0.0046875
0 0.3984375 0.290625 0.0015625 0.003125
0 0.3921875 0.3078125 0.003125 0.0046875
0 0.4421875 0.26875 0.0046875 0.0046875
0 0.421875 0.2234375 0.00625 0.0078125
0 0.425 0.15 0.00625 0.0046875
0 0.4390625 0.1921875 0.00625 0.00625
0 0.353125 0.1859375 0.00625 0.00625
0 0.290625 0.29375 0.0046875 0.0078125
0 0.1859375 0.35 0.00625 0.0078125
0 0.153125 0.3265625 0.00625 0.00625
0 0.1484375 0.33125 0.003125 0.0046875
0 0.2953125 0.4234375 0.00625 0.0078125
0 0.259375 0.4640625 0.0046875 0.00625
0 0.2625 0.4359375 0.0046875 0.00625
0 0.18125 0.440625 0.003125 0.0046875
0 0.178125 0.471875 0.00625 0.0078125
0 0.1046875 0.559375 0.00625 0.0078125
0 0.096875 0.5609375 0.0046875 0.00625
0 0.1109375 0.615625 0.00625 0.0078125
0 0.13125 0.640625 0.0078125 0.0046875
0 0.1375 0.6328125 0.00625 0.00625
0 0.1203125 0.6453125 0.0046875 0.0046875
0 0.1453125 0.6734375 0.003125 0.0046875
0 0.20625 0.665625 0.00625 0.0078125
0 0.2328125 0.75 0.0078125 0.0078125
0 0.246875 0.759375 0.0046875 0.0046875
0 0.3171875 0.7828125 0.0046875 0.0078125
0 0.3078125 0.7578125 0.003125 0.0046875
0 0.2890625 0.8125 0.00625 0.0078125
0 0.35625 0.828125 0.0046875 0.00625
0 0.4359375 0.8484375 0.003125 0.00625
0 0.4359375 0.8609375 0.003125 0.003125
0 0.4625 0.8171875 0.0046875 0.0046875
0 0.471875 0.8140625 0.0078125 0.009375
0 0.4265625 0.7984375 0.0046875 0.0046875
0 0.525 0.796875 0.009375 0.00625
0 0.6296875 0.75625 0.0046875 0.0078125
0 0.6640625 0.746875 0.0046875 0.00625
0 0.5671875 0.7484375 0.0046875 0.0078125
0 0.7265625 0.7 0.0046875 0.0046875
0 0.7390625 0.7 0.0015625 0.0046875
0 0.740625 0.6828125 0.0046875 0.0046875
0 0.7078125 0.6796875 0.0078125 0.00625
0 0.715625 0.7078125 0.003125 0.00625
0 0.6953125 0.659375 0.0046875 0.0046875
0 0.725 0.621875 0.0046875 0.0046875
0 0.7296875 0.6140625 0.003125 0.0046875
0 0.7609375 0.60625 0.009375 0.009375
0 0.7546875 0.578125 0.0078125 0.0078125
0 0.696875 0.5078125 0.0046875 0.003125
0 0.6703125 0.509375 0.003125 0.0046875
0 0.7546875 0.43125 0.00625 0.00625
0 0.653125 0.4359375 0.0078125 0.009375
0 0.675 0.421875 0.0046875 0.00625
0 0.7578125 0.4109375 0.0046875 0.0078125
0 0.7671875 0.428125 0.003125 0.0046875
0 0.715625 0.3875 0.003125 0.0046875
0 0.73125 0.36875 0.00625 0.0078125
0 0.734375 0.35625 0.0046875 0.0046875
0 0.715625 0.33125 0.0046875 0.00625
0 0.640625 0.2625 0.0046875 0.00625
0 0.6296875 0.2234375 0.0046875 0.0046875
0 0.6203125 0.2421875 0.0078125 0.009375
0 0.6296875 0.2375 0.003125 0.003125
0 0.6359375 0.253125 0.0046875 0.0046875
0 0.625 0.215625 0.003125 0.0046875
0 0.5875 0.2015625 0.003125 0.0046875
0 0.5796875 0.19375 0.0046875 0.0046875
0 0.53125 0.1921875 0.0109375 0.0140625
0 0.5234375 0.2171875 0.0046875 0.00625
0 0.4515625 0.1921875 0.003125 0.009375
0 0.1515625 0.5015625 0.0046875 0.009375
0 0.2671875 0.5890625 0.00625 0.00625
0 0.2984375 0.6265625 0.0046875 0.00625
0 0.371875 0.6875 0.0046875 0.00625
0 0.38125 0.7 0.003125 0.0078125
0 0.4640625 0.6859375 0.00625 0.00625
0 0.546875 0.684375 0.003125 0.00625
0 0.53125 0.6546875 0.003125 0.0046875
0 0.5375 0.6546875 0.0015625 0.003125
0 0.5953125 0.6578125 0.0046875 0.0046875
0 0.640625 0.671875 0.00625 0.0046875
0 0.6625 0.3671875 0.00625 0.0078125
0 0.5015625 0.325 0.0046875 0.0078125
0 0.6171875 0.2890625 0.0046875 0.0078125
0 0.5953125 0.2953125 0.0046875 0.00625
0 0.628125 0.29375 0.0046875 0.00625