0 0.6796875 0.571875 0.025 0.0234375
0 0.60625 0.56875 0.0046875 0.00625
0 0.5765625 0.5359375 0.0046875 0.00625
0 0.6484375 0.7359375 0.00625 0.0078125
0 0.615625 0.759375 0.00625 0.0078125
0 0.6296875 0.7734375 0.0046875 0.0046875
0 0.6203125 0.79375 0.0046875 0.00625
0 0.35625 0.765625 0.0046875 0.0078125
0 0.3953125 0.7671875 0.00625 0.00625
0 0.3234375 0.7625 0.00625 0.00625
0 0.175 0.6203125 0.00625 0.00625
0 0.140625 0.61875 0.00625 0.00625
0 0.1609375 0.596875 0.0046875 0.0046875
0 0.165625 0.51875 0.00625 0.00625
0 0.1546875 0.425 0.00625 0.0078125
0 0.2078125 0.4265625 0.03125 0.03125
0 0.19375 0.390625 0.0078125 0.0078125
0 0.2296875 0.3453125 0.009375 0.0109375
0 0.2015625 0.371875 0.0078125 0.0046875
0 0.296875 0.375 0.00625 0.0046875
0 0.334375 0.3921875 0.0078125 0.0046875
0 0.309375 0.334375 0.0046875 0.0046875
0 0.25 0.290625 0.003125 0.00625
0 0.390625 0.36875 0.0078125 0.009375
0 0.4921875 0.3671875 0.00625 0.0078125
0 0.51875 0.3671875 0.00625 0.00625
0 0.378125 0.2109375 0.0078125 0.00625
0 0.66875 0.29375 0.00625 0.003125
0 0.5984375 0.328125 0.00625 0.0046875
0 0.68125 0.3421875 0.0046875 0.0046875
0 0.6828125 0.4765625 0.0046875 0.00625
0 0.6453125 0.4609375 0.0046875 0.0046875
0 0.784375 0.4875 0.00625 0.00625
0 0.7125 0.5046875 0.0078125 0.0078125
0 0.7046875 0.5125 0.00625 0.00625
0 0.7859375 0.525 0.0046875 0.00625
0 0.740625 0.565625 0.0078125 0.009375
0 0.45 0.7359375 0.0078125 0.009375
0 0.378125 0.45 0.0046875 0.0046875
0 0.340625 0.4296875 0.003125 0.00625
0 0.3546875 0.46875 0.00625 0.0046875
0 0.30625 0.471875 0.0046875 0.0046875
0 0.40625 0.4875 0.0109375 0.0125
0 0.44375 0.5078125 0.00625 0.00625
0 0.4578125 0.5203125 0.0046875 0.00625
0 0.45 0.534375 0.0046875 0.0046875
0 0.5890625 0.6078125 0.00625 0.00625
0 0.3171875 0.709375 0.0046875 0.0046875
0 0.2640625 0.2390625 0.0046875 0.00625
0 0.378125 0.278125 0.0046875 0.0046875
0 0.4109375 0.234375 0.0046875 0.00625
0 0.4140625 0.1890625 0.0046875 0.00625
0 0.48125 0.165625 0.0046875 0.0046875
0 0.51875 0.178125 0.0046875 0.00625
0 0.6 0.2046875 0.0046875 0.00625
0 0.5828125 0.428125 0.00625 0.0078125
0 0.534375 0.478125 0.0078125 0.0078125
0 0.534375 0.440625 0.00625 0.0078125
0 0.4921875 0.6140625 0.0078125 0.009375