0 0.33125 0.315625 0.00625 0.00625
0 0.240625 0.29375 0.0046875 0.00625
0 0.228125 0.2953125 0.0078125 0.009375
0 0.196875 0.2890625 0.0109375 0.009375
0 0.190625 0.30625 0.00625 0.00625
0 0.165625 0.325 0.00625 0.0078125
0 0.1671875 0.346875 0.0046875 0.00625
0 0.14375 0.3453125 0.0046875 0.0078125
0 0.146875 0.328125 0.003125 0.0046875
0 0.159375 0.3859375 0.0046875 0.00625
0 0.16875 0.3953125 0.003125 0.00625
0 0.1515625 0.38125 0.00625 0.00625
0 0.1171875 0.4203125 0.0046875 0.00625
0 0.1046875 0.4609375 0.003125 0.0046875
0 0.0984375 0.459375 0.003125 0.00625
0 0.1 0.465625 0.0046875 0.0046875
0 0.153125 0.4890625 0.003125 0.003125
0 0.1765625 0.525 0.00625 0.009375
0 0.1234375 0.521875 0.0046875 0.00625
0 0.1125 0.5125 0.003125 0.00625
0 0.1078125 0.5125 0.003125 0.00625
0 0.09375 0.50625 0.003125 0.0046875
0 0.096875 0.534375 0.003125 0.0046875
0 0.1140625 0.5296875 0.003125 0.00625
0 0.1078125 0.5515625 0.003125 0.0046875
0 0.125 0.55625 0.003125 0.0046875
0 0.1375 0.5640625 0.00625 0.0078125
0 0.1046875 0.534375 0.0046875 0.0046875
0 0.1046875 0.5234375 0.003125 0.0046875
0 0.1078125 0.5296875 0.003125 0.0046875
0 0.1328125 0.5921875 0.0046875 0.0078125
0 0.1171875 0.5953125 0.0046875 0.00625
0 0.1796875 0.5921875 0.0078125 0.0046875
0 0.1484375 0.628125 0.0046875 0.0078125
0 0.140625 0.6203125 0.00625 0.003125
0 0.13125 0.6234375 0.0046875 0.0046875
0 0.1296875 0.634375 0.00625 0.00625
0 0.203125 0.625 0.0046875 0.0046875
0 0.25625 0.6515625 0.0046875 0.00625
0 0.2421875 0.671875 0.003125 0.0046875
0 0.3125 0.709375 0.0046875 0.00625
0 0.2578125 0.7578125 0.00625 0.0046875
0 0.215625 0.7359375 0.00625 0.0078125
0 0.2125 0.740625 0.00625 0.0078125
0 0.3546875 0.79375 0.00625 0.0078125
0 0.6953125 0.6953125 0.0046875 0.00625
0 0.7765625 0.5 0.003125 0.003125
0 0.753125 0.5375 0.0078125 0.0078125
0 0.73125 0.3421875 0.003125 0.00625
0 0.740625 0.3265625 0.003125 0.0046875
0 0.73125 0.309375 0.0046875 0.0046875
0 0.7375 0.3140625 0.003125 0.0046875
0 0.73125 0.3171875 0.0015625 0.0046875
0 0.725 0.2953125 0.003125 0.0046875
0 0.6625 0.321875 0.003125 0.003125
0 0.646875 0.240625 0.00625 0.0078125
0 0.678125 0.2578125 0.0046875 0.00625
0 0.6828125 0.2625 0.003125 0.0046875
0 0.68125 0.265625 0.003125 0.0046875
0 0.65625 0.225 0.003125 0.00625
0 0.575 0.1796875 0.0046875 0.00625
0 0.5765625 0.1890625 0.003125 0.00625
0 0.5546875 0.1734375 0.003125 0.0046875
0 0.5234375 0.178125 0.003125 0.00625
0 0.5203125 0.159375 0.003125 0.0046875
0 0.509375 0.2015625 0.003125 0.0046875
0 0.4765625 0.1640625 0.0046875 0.0046875
0 0.45625 0.165625 0.003125 0.0046875
0 0.45625 0.1546875 0.003125 0.003125
0 0.440625 0.175 0.003125 0.0046875
0 0.428125 0.16875 0.00625 0.0046875
0 0.4203125 0.1671875 0.0046875 0.00625
0 0.4265625 0.146875 0.003125 0.0046875
0 0.41875 0.1546875 0.0046875 0.0046875
0 0.459375 0.184375 0.0046875 0.0046875
0 0.3328125 0.2203125 0.003125 0.0078125
0 0.2921875 0.1984375 0.00625 0.0046875
0 0.290625 0.1921875 0.00625 0.00625
0 0.1359375 0.33125 0.003125 0.00625
0 0.1484375 0.3390625 0.003125 0.0046875
0 0.153125 0.3375 0.003125 0.00625
0 0.171875 0.353125 0.0046875 0.0046875
0 0.1890625 0.3703125 0.0046875 0.0046875
0 0.2125 0.4265625 0.00625 0.0078125
0 0.159375 0.4328125 0.0046875 0.0046875
0 0.2796875 0.584375 0.0046875 0.0046875
0 0.3875 0.7 0.0046875 0.00625
0 0.453125 0.64375 0.0046875 0.0046875
0 0.596875 0.503125 0.003125 0.0046875
0 0.628125 0.43125 0.0125 0.0125
0 0.2828125 0.2296875 0.0046875 0.0078125
0 0.3640625 0.275 0.0046875 0.00625
0 0.4125 0.271875 0.003125 0.0078125
0 0.5453125 0.4015625 0.0046875 0.00625
0 0.603125 0.68125 0.0046875 0.00625
0 0.434375 0.778125 0.00625 0.009375
0 0.159375 0.6140625 0.00625 0.00625