0 0.4953125 0.3640625 0.015625 0.015625
0 0.45 0.3109375 0.0046875 0.0046875
0 0.446875 0.3171875 0.0109375 0.009375
0 0.396875 0.3703125 0.00625 0.00625
0 0.496875 0.4109375 0.00625 0.00625
0 0.4078125 0.4515625 0.00625 0.00625
0 0.378125 0.43125 0.0078125 0.00625
0 0.2296875 0.5921875 0.015625 0.0140625
0 0.1921875 0.3859375 0.00625 0.00625
0 0.2125 0.4109375 0.00625 0.00625
0 0.271875 0.4203125 0.00625 0.00625
0 0.1921875 0.446875 0.0078125 0.0078125
0 0.3109375 0.265625 0.00625 0.009375
0 0.165625 0.3 0.0078125 0.0078125
0 0.309375 0.2140625 0.0078125 0.0078125
0 0.31875 0.2359375 0.00625 0.00625
0 0.2421875 0.1921875 0.0046875 0.0078125
0 0.4140625 0.259375 0.0078125 0.0078125
0 0.434375 0.278125 0.0046875 0.0078125
0 0.4953125 0.253125 0.00625 0.00625
0 0.6171875 0.240625 0.0078125 0.009375
0 0.6125 0.2484375 0.0046875 0.0046875
0 0.640625 0.24375 0.00625 0.00625
0 0.628125 0.2640625 0.0046875 0.00625
0 0.6140625 0.3234375 0.0140625 0.015625
0 0.65625 0.296875 0.00625 0.0078125
0 0.675 0.33125 0.00625 0.0078125
0 0.6796875 0.4015625 0.00625 0.00625
0 0.671875 0.4515625 0.0046875 0.00625
0 0.6671875 0.465625 0.00625 0.003125
0 0.78125 0.434375 0.0078125 0.009375
0 0.634375 0.5953125 0.0046875 0.0078125
0 0.6734375 0.6625 0.0046875 0.0046875
0 0.6046875 0.715625 0.0046875 0.00625
0 0.490625 0.75 0.00625 0.00625
0 0.3875 0.815625 0.0046875 0.00625
0 0.4125 0.7421875 0.00625 0.009375
0 0.2078125 0.678125 0.0078125 0.0078125
0 0.3703125 0.615625 0.0046875 0.0078125
0 0.3375 0.64375 0.0046875 0.00625
0 0.5265625 0.3375 0.00625 0.009375