0 0.303125 0.209375 0.009375 0.0125
0 0.43125 0.2484375 0.0078125 0.0109375
0 0.4578125 0.2484375 0.00625 0.0078125
0 0.5171875 0.2953125 0.0078125 0.0078125
0 0.3484375 0.3203125 0.0078125 0.0109375
0 0.2890625 0.3375 0.009375 0.0109375
0 0.271875 0.4125 0.00625 0.009375
0 0.26875 0.43125 0.009375 0.0078125
0 0.1875 0.4640625 0.009375 0.009375
0 0.259375 0.46875 0.03125 0.034375
0 0.1390625 0.5046875 0.0109375 0.0109375
0 0.1359375 0.5328125 0.009375 0.0109375
0 0.215625 0.540625 0.00625 0.009375
0 0.1859375 0.6 0.009375 0.009375
0 0.296875 0.6203125 0.009375 0.009375
0 0.3015625 0.709375 0.0078125 0.009375
0 0.2296875 0.75625 0.0078125 0.0078125
0 0.35 0.7984375 0.009375 0.009375
0 0.3625 0.76875 0.0078125 0.0109375
0 0.375 0.728125 0.0046875 0.0078125
0 0.409375 0.84375 0.0046875 0.0078125
0 0.4640625 0.853125 0.0046875 0.00625
0 0.534375 0.796875 0.009375 0.009375
0 0.565625 0.7484375 0.0078125 0.009375
0 0.5703125 0.7609375 0.00625 0.009375
0 0.65625 0.8 0.00625 0.00625
0 0.5984375 0.83125 0.003125 0.0046875
0 0.6484375 0.7015625 0.0078125 0.00625
0 0.5578125 0.68125 0.00625 0.00625
0 0.5078125 0.6890625 0.00625 0.0078125
0 0.490625 0.7046875 0.0046875 0.00625
0 0.446875 0.6765625 0.0046875 0.00625
0 0.571875 0.634375 0.00625 0.00625
0 0.559375 0.60625 0.00625 0.00625
0 0.4734375 0.6171875 0.0046875 0.0078125
0 0.6171875 0.61875 0.00625 0.00625
0 0.640625 0.6015625 0.0046875 0.00625
0 0.640625 0.575 0.0046875 0.00625
0 0.678125 0.5671875 0.0046875 0.0078125
0 0.6546875 0.571875 0.0046875 0.0078125
0 0.728125 0.5890625 0.0046875 0.0078125
0 0.8015625 0.61875 0.00625 0.009375
0 0.7859375 0.634375 0.003125 0.00625
0 0.7703125 0.678125 0.0046875 0.00625
0 0.8078125 0.6 0.0046875 0.00625
0 0.8046875 0.5359375 0.009375 0.009375
0 0.7671875 0.3890625 0.00625 0.0078125
0 0.6453125 0.2390625 0.00625 0.00625
0 0.66875 0.5 0.0046875 0.00625
0 0.59375 0.5 0.00625 0.0078125
0 0.5109375 0.46875 0.00625 0.0046875
0 0.4390625 0.4796875 0.00625 0.003125
0 0.3546875 0.5484375 0.00625 0.0078125
0 0.24375 0.528125 0.0078125 0.003125
0 0.384375 0.659375 0.0078125 0.0078125
0 0.371875 0.6 0.009375 0.00625
0 0.1578125 0.328125 0.00625 0.0109375