0 0.446875 0.6828125 0.0046875 0.00625
0 0.440625 0.6859375 0.0046875 0.00625
0 0.525 0.6765625 0.0078125 0.009375
0 0.4578125 0.7765625 0.0078125 0.0078125
0 0.3234375 0.4609375 0.0109375 0.0125
0 0.284375 0.45625 0.00625 0.0109375
0 0.2 0.39375 0.0109375 0.0125
0 0.2484375 0.3546875 0.0078125 0.0078125
0 0.2109375 0.31875 0.00625 0.0109375
0 0.2640625 0.2984375 0.009375 0.0109375
0 0.29375 0.346875 0.0109375 0.0046875
0 0.35 0.2359375 0.00625 0.009375
0 0.5453125 0.1765625 0.00625 0.0078125
0 0.5125 0.1984375 0.00625 0.0078125
0 0.4921875 0.2203125 0.0078125 0.0109375
0 0.4796875 0.2734375 0.0078125 0.009375
0 0.55 0.2203125 0.00625 0.0078125
0 0.5625 0.1890625 0.0046875 0.00625
0 0.5875 0.2515625 0.009375 0.0078125
0 0.4765625 0.3125 0.00625 0.0078125
0 0.428125 0.3390625 0.00625 0.009375
0 0.703125 0.2640625 0.0046875 0.0078125
0 0.6734375 0.26875 0.00625 0.0078125
0 0.675 0.2390625 0.0078125 0.009375
0 0.6484375 0.2703125 0.0046875 0.0078125
0 0.7171875 0.3078125 0.00625 0.0078125
0 0.6328125 0.3484375 0.009375 0.009375
0 0.646875 0.3765625 0.00625 0.0078125
0 0.771875 0.3546875 0.00625 0.0125
0 0.7828125 0.421875 0.00625 0.009375
0 0.809375 0.453125 0.0109375 0.009375
0 0.8125 0.4921875 0.0109375 0.0109375
0 0.4890625 0.49375 0.0078125 0.009375
0 0.4296875 0.49375 0.0078125 0.009375
0 0.4578125 0.60625 0.009375 0.0109375
0 0.61875 0.525 0.0078125 0.015625
0 0.65 0.6046875 0.00625 0.009375
0 0.684375 0.6796875 0.009375 0.0125
0 0.7046875 0.6984375 0.0078125 0.009375
0 0.74375 0.6765625 0.0078125 0.015625
0 0.80625 0.6078125 0.00625 0.009375
0 0.7203125 0.7296875 0.00625 0.0109375
0 0.7 0.7484375 0.009375 0.0109375
0 0.659375 0.753125 0.009375 0.0109375
0 0.61875 0.76875 0.00625 0.0109375
0 0.5984375 0.8046875 0.009375 0.0125
0 0.60625 0.834375 0.00625 0.009375
0 0.2515625 0.3984375 0.0078125 0.0125