0 0.24375 0.5265625 0.0125 0.01875
0 0.2546875 0.60625 0.0125 0.0140625
0 0.4046875 0.53125 0.0109375 0.0140625
0 0.171875 0.628125 0.0140625 0.015625
0 0.159375 0.4234375 0.015625 0.015625
0 0.1625 0.4015625 0.015625 0.015625
0 0.1546875 0.3765625 0.009375 0.0171875
0 0.175 0.35625 0.0140625 0.0203125
0 0.5890625 0.321875 0.0140625 0.0203125
0 0.665625 0.321875 0.0125 0.0203125
0 0.6265625 0.446875 0.0078125 0.01875
0 0.71875 0.5265625 0.0125 0.0171875
0 0.6484375 0.59375 0.0140625 0.0203125
0 0.7890625 0.671875 0.0140625 0.0203125
0 0.60625 0.7359375 0.0203125 0.0109375
0 0.6078125 0.7453125 0.009375 0.0125
0 0.5421875 0.784375 0.015625 0.021875
0 0.7953125 0.2921875 0.009375 0.0109375
0 0.70625 0.2078125 0.0078125 0.009375