0 0.3828125 0.7921875 0.0171875 0.0140625
0 0.4109375 0.809375 0.009375 0.009375
0 0.4046875 0.825 0.0078125 0.0078125
0 0.3953125 0.8203125 0.00625 0.0078125
0 0.34375 0.778125 0.009375 0.0109375
0 0.3640625 0.778125 0.0078125 0.0109375
0 0.3984375 0.759375 0.0078125 0.0078125
0 0.4453125 0.7421875 0.009375 0.0125
0 0.49375 0.7484375 0.009375 0.0125
0 0.421875 0.7734375 0.009375 0.0078125
0 0.4578125 0.775 0.00625 0.0078125
0 0.4578125 0.78125 0.00625 0.0046875
0 0.4828125 0.759375 0.003125 0.00625
0 0.40625 0.7375 0.009375 0.0078125
0 0.3359375 0.75625 0.0078125 0.00625
0 0.28125 0.7515625 0.009375 0.00625
0 0.3 0.7734375 0.00625 0.00625
0 0.3125 0.69375 0.00625 0.0046875
0 0.3515625 0.6703125 0.00625 0.00625
0 0.35625 0.6671875 0.0046875 0.003125
0 0.221875 0.7 0.0078125 0.0078125
0 0.2734375 0.6609375 0.00625 0.0078125
0 0.1984375 0.6359375 0.0078125 0.00625
0 0.1890625 0.6484375 0.00625 0.0046875
0 0.2 0.609375 0.0078125 0.0078125
0 0.2 0.621875 0.0046875 0.00625
0 0.2328125 0.6 0.00625 0.009375
0 0.2515625 0.6171875 0.00625 0.0078125
0 0.2234375 0.5609375 0.009375 0.009375
0 0.196875 0.56875 0.00625 0.00625
0 0.2046875 0.575 0.00625 0.00625
0 0.16875 0.5734375 0.0046875 0.0046875
0 0.140625 0.5859375 0.0046875 0.00625
0 0.14375 0.5953125 0.003125 0.00625
0 0.165625 0.5828125 0.00625 0.0046875
0 0.13125 0.546875 0.00625 0.00625
0 0.20625 0.5125 0.00625 0.00625
0 0.203125 0.5234375 0.00625 0.0078125
0 0.1875 0.4578125 0.00625 0.0078125
0 0.1328125 0.4578125 0.0078125 0.00625
0 0.1890625 0.48125 0.0140625 0.0109375
0 0.1921875 0.4640625 0.00625 0.0046875
0 0.234375 0.465625 0.00625 0.00625
0 0.2125 0.490625 0.003125 0.00625
0 0.2203125 0.4953125 0.00625 0.00625
0 0.25625 0.4984375 0.0046875 0.0078125
0 0.26875 0.5046875 0.0046875 0.00625
0 0.25625 0.528125 0.00625 0.0046875
0 0.2703125 0.5171875 0.0046875 0.0046875
0 0.2703125 0.521875 0.00625 0.003125
0 0.275 0.521875 0.0046875 0.0046875
0 0.2515625 0.575 0.00625 0.0046875
0 0.271875 0.6140625 0.0046875 0.00625
0 0.2359375 0.625 0.003125 0.0046875
0 0.228125 0.6421875 0.00625 0.0046875
0 0.3 0.634375 0.0078125 0.0046875
0 0.309375 0.625 0.0046875 0.00625
0 0.303125 0.6265625 0.003125 0.0046875
0 0.3484375 0.65625 0.0046875 0.00625
0 0.30625 0.7203125 0.00625 0.00625
0 0.3875 0.715625 0.003125 0.00625
0 0.409375 0.696875 0.0046875 0.00625
0 0.39375 0.73125 0.0046875 0.0046875
0 0.43125 0.6875 0.00625 0.0046875
0 0.4015625 0.75 0.0046875 0.0046875
0 0.4734375 0.840625 0.00625 0.00625
0 0.48125 0.853125 0.0046875 0.0046875
0 0.503125 0.8125 0.0046875 0.00625
0 0.540625 0.8328125 0.00625 0.0046875
0 0.5359375 0.825 0.003125 0.00625
0 0.6125 0.7625 0.0046875 0.0078125
0 0.621875 0.7796875 0.00625 0.0078125
0 0.6421875 0.7328125 0.0078125 0.00625
0 0.6625 0.7765625 0.00625 0.0109375
0 0.590625 0.7234375 0.0046875 0.00625
0 0.58125 0.69375 0.0046875 0.00625
0 0.6296875 0.69375 0.0078125 0.0046875
0 0.6921875 0.734375 0.00625 0.00625
0 0.721875 0.7625 0.0046875 0.00625
0 0.6875 0.7515625 0.00625 0.0078125
0 0.7 0.7625 0.0046875 0.0046875
0 0.678125 0.7796875 0.00625 0.0078125
0 0.640625 0.7515625 0.0046875 0.00625
0 0.6640625 0.709375 0.0046875 0.00625
0 0.625 0.6828125 0.0046875 0.003125
0 0.6265625 0.6859375 0.00625 0.0046875
0 0.646875 0.6859375 0.0109375 0.009375
0 0.6359375 0.653125 0.00625 0.0046875
0 0.61875 0.6421875 0.00625 0.00625
0 0.6546875 0.659375 0.0046875 0.00625
0 0.6578125 0.6640625 0.0046875 0.00625
0 0.6765625 0.6734375 0.0046875 0.0046875
0 0.659375 0.6796875 0.003125 0.003125
0 0.7 0.671875 0.0046875 0.00625
0 0.771875 0.6546875 0.0046875 0.00625
0 0.725 0.65625 0.00625 0.0078125
0 0.7484375 0.6546875 0.00625 0.0078125
0 0.7640625 0.6734375 0.00625 0.0078125
0 0.7953125 0.63125 0.0046875 0.003125
0 0.80625 0.6390625 0.00625 0.003125
0 0.7515625 0.63125 0.0046875 0.009375
0 0.69375 0.6296875 0.00625 0.0046875
0 0.6609375 0.63125 0.00625 0.003125
0 0.7015625 0.5953125 0.00625 0.00625
0 0.71875 0.5953125 0.0046875 0.00625
0 0.7125 0.575 0.0078125 0.0046875
0 0.765625 0.5765625 0.00625 0.00625
0 0.7734375 0.528125 0.00625 0.009375
0 0.81875 0.5203125 0.0078125 0.009375
0 0.8015625 0.565625 0.0046875 0.0046875
0 0.8046875 0.575 0.0046875 0.0046875
0 0.8 0.5984375 0.0046875 0.00625
0 0.725 0.6 0.00625 0.003125
0 0.7140625 0.4984375 0.00625 0.0078125
0 0.709375 0.509375 0.00625 0.003125
0 0.6703125 0.4890625 0.00625 0.00625
0 0.6671875 0.4953125 0.00625 0.0046875
0 0.6578125 0.4953125 0.00625 0.0078125
0 0.6265625 0.4796875 0.0046875 0.0046875
0 0.6296875 0.4671875 0.00625 0.0046875
0 0.6859375 0.4796875 0.003125 0.0046875
0 0.6875 0.48125 0.00625 0.0046875
0 0.69375 0.4625 0.00625 0.003125
0 0.6671875 0.453125 0.0046875 0.0046875
0 0.6375 0.4453125 0.0046875 0.0046875
0 0.625 0.45625 0.003125 0.00625
0 0.6015625 0.4890625 0.003125 0.00625
0 0.59375 0.471875 0.0046875 0.00625
0 0.5609375 0.51875 0.00625 0.0046875
0 0.55625 0.5234375 0.0046875 0.0046875
0 0.5484375 0.5078125 0.003125 0.0046875
0 0.534375 0.509375 0.0046875 0.003125
0 0.521875 0.540625 0.003125 0.003125
0 0.528125 0.5546875 0.0046875 0.0046875
0 0.5265625 0.5609375 0.003125 0.00625
0 0.540625 0.5671875 0.0015625 0.0046875
0 0.5640625 0.56875 0.0046875 0.0046875
0 0.5578125 0.5953125 0.00625 0.009375
0 0.4984375 0.578125 0.0046875 0.00625
0 0.4796875 0.59375 0.0046875 0.0078125
0 0.4890625 0.609375 0.0046875 0.00625
0 0.478125 0.615625 0.0046875 0.00625
0 0.45 0.6078125 0.0046875 0.00625
0 0.4546875 0.58125 0.003125 0.00625
0 0.4109375 0.5421875 0.0046875 0.0046875
0 0.4046875 0.5328125 0.0046875 0.0046875
0 0.3734375 0.5234375 0.0046875 0.00625
0 0.3859375 0.53125 0.0046875 0.00625
0 0.3765625 0.5359375 0.0046875 0.0046875
0 0.378125 0.4796875 0.0078125 0.00625
0 0.4453125 0.49375 0.0046875 0.00625
0 0.415625 0.490625 0.0046875 0.0046875
0 0.3796875 0.5109375 0.00625 0.00625
0 0.4125 0.5078125 0.0078125 0.0046875
0 0.4859375 0.4859375 0.00625 0.00625
0 0.4421875 0.5296875 0.0046875 0.00625
0 0.4765625 0.5328125 0.003125 0.0046875
0 0.4734375 0.5515625 0.0046875 0.00625
0 0.5078125 0.5453125 0.0046875 0.003125
0 0.4953125 0.5546875 0.003125 0.0046875
0 0.4953125 0.559375 0.00625 0.0046875
0 0.50625 0.565625 0.0046875 0.0046875
0 0.5078125 0.484375 0.003125 0.0046875
0 0.5078125 0.4765625 0.0046875 0.003125
0 0.5171875 0.471875 0.0046875 0.0046875
0 0.4984375 0.4609375 0.003125 0.003125
0 0.4515625 0.4703125 0.003125 0.00625
0 0.4296875 0.465625 0.00625 0.0046875
0 0.3578125 0.465625 0.00625 0.0046875
0 0.325 0.4609375 0.0046875 0.00625
0 0.3734375 0.45 0.003125 0.0046875
0 0.35625 0.4515625 0.00625 0.003125
0 0.3703125 0.4546875 0.0046875 0.0046875
0 0.3796875 0.4375 0.0046875 0.003125
0 0.390625 0.4390625 0.0046875 0.003125
0 0.3171875 0.4390625 0.0078125 0.0078125
0 0.3 0.434375 0.00625 0.00625
0 0.278125 0.465625 0.00625 0.00625
0 0.2296875 0.4296875 0.0046875 0.00625
0 0.228125 0.434375 0.0046875 0.0046875
0 0.2578125 0.4265625 0.00625 0.0078125
0 0.2890625 0.39375 0.00625 0.0046875
0 0.3109375 0.38125 0.003125 0.00625
0 0.303125 0.3859375 0.003125 0.0046875
0 0.2734375 0.3390625 0.0046875 0.0078125
0 0.21875 0.3875 0.00625 0.0046875
0 0.2015625 0.3828125 0.00625 0.00625
0 0.1828125 0.3796875 0.0078125 0.0046875
0 0.209375 0.3453125 0.00625 0.0078125
0 0.2390625 0.3484375 0.00625 0.00625
0 0.259375 0.2953125 0.0046875 0.0078125
0 0.26875 0.30625 0.00625 0.0046875
0 0.2671875 0.3140625 0.0046875 0.00625
0 0.259375 0.3265625 0.0046875 0.0046875
0 0.26875 0.3265625 0.003125 0.00625
0 0.2421875 0.315625 0.00625 0.0046875
0 0.290625 0.271875 0.028125 0.01875
0 0.2765625 0.253125 0.00625 0.00625
0 0.3234375 0.25625 0.0046875 0.0078125
0 0.334375 0.553125 0.0109375 0.009375
0 0.415625 0.61875 0.00625 0.0140625
0 0.3953125 0.640625 0.00625 0.00625
0 0.38125 0.653125 0.0046875 0.0078125
0 0.440625 0.6734375 0.0078125 0.0078125
0 0.4671875 0.646875 0.0046875 0.009375
0 0.45 0.159375 0.009375 0.0125
0 0.390625 0.2390625 0.0109375 0.0125
0 0.3203125 0.209375 0.00625 0.0078125
0 0.3171875 0.196875 0.00625 0.0078125
0 0.3375 0.2234375 0.00625 0.0078125
0 0.334375 0.2828125 0.00625 0.0078125
0 0.3609375 0.315625 0.0046875 0.0078125
0 0.3625 0.325 0.00625 0.0078125
0 0.434375 0.309375 0.0078125 0.0109375
0 0.4359375 0.278125 0.0046875 0.009375
0 0.4 0.28125 0.0046875 0.0125
0 0.7484375 0.396875 0.0109375 0.015625
0 0.7765625 0.3546875 0.00625 0.0078125
0 0.7703125 0.40625 0.00625 0.0109375
0 0.6875 0.434375 0.009375 0.009375
0 0.6734375 0.403125 0.00625 0.00625
0 0.6546875 0.3953125 0.00625 0.0078125
0 0.6609375 0.4203125 0.00625 0.0078125
0 0.65625 0.428125 0.0046875 0.0078125
0 0.7703125 0.346875 0.00625 0.009375
0 0.765625 0.325 0.0078125 0.0109375
0 0.7359375 0.3 0.0078125 0.009375
0 0.7125 0.2828125 0.009375 0.0140625
0 0.66875 0.3046875 0.0078125 0.009375
0 0.4265625 0.396875 0.0078125 0.0078125
0 0.4734375 0.3515625 0.0078125 0.009375
0 0.5625 0.3578125 0.00625 0.009375
0 0.5421875 0.4171875 0.0078125 0.009375