0 0.4484375 0.1828125 0.009375 0.0109375
0 0.3515625 0.20625 0.009375 0.0109375
0 0.284375 0.2203125 0.00625 0.009375
0 0.45625 0.2984375 0.0109375 0.0171875
0 0.5171875 0.3203125 0.0078125 0.0109375
0 0.509375 0.328125 0.0078125 0.0078125
0 0.5546875 0.328125 0.0078125 0.0140625
0 0.5859375 0.196875 0.0109375 0.0125
0 0.5921875 0.1796875 0.009375 0.0125
0 0.56875 0.2125 0.009375 0.0125
0 0.653125 0.2125 0.0125 0.0125
0 0.690625 0.228125 0.0078125 0.0109375
0 0.6171875 0.29375 0.009375 0.0109375
0 0.6125 0.3171875 0.009375 0.0109375
0 0.634375 0.325 0.0109375 0.0125
0 0.696875 0.2609375 0.0109375 0.0140625
0 0.75 0.290625 0.0109375 0.0125
0 0.7046875 0.34375 0.0125 0.0203125
0 0.8078125 0.3359375 0.0140625 0.01875
0 0.8109375 0.3578125 0.0109375 0.0125
0 0.6734375 0.3734375 0.0078125 0.009375
0 0.7765625 0.4984375 0.0078125 0.0109375
0 0.6984375 0.4390625 0.009375 0.0125
0 0.6546875 0.4328125 0.009375 0.0140625
0 0.7046875 0.471875 0.009375 0.009375
0 0.7484375 0.575 0.0078125 0.0109375
0 0.8421875 0.590625 0.0078125 0.009375
0 0.7765625 0.6234375 0.00625 0.0140625
0 0.7640625 0.625 0.009375 0.009375
0 0.7078125 0.6921875 0.009375 0.009375
0 0.6796875 0.6328125 0.0078125 0.0078125
0 0.659375 0.609375 0.0109375 0.0109375
0 0.6890625 0.6421875 0.0109375 0.0125
0 0.6390625 0.56875 0.0078125 0.009375
0 0.51875 0.58125 0.0078125 0.0109375
0 0.5125 0.48125 0.0078125 0.0078125
0 0.5609375 0.4171875 0.00625 0.0078125
0 0.1765625 0.4125 0.009375 0.009375
0 0.3703125 0.484375 0.0078125 0.009375
0 0.3484375 0.49375 0.0078125 0.00625
0 0.3796875 0.525 0.0078125 0.00625
0 0.321875 0.5828125 0.0234375 0.0234375
0 0.3296875 0.740625 0.009375 0.00625
0 0.25625 0.765625 0.00625 0.0078125
0 0.3234375 0.771875 0.00625 0.009375
0 0.428125 0.7828125 0.0078125 0.0078125
0 0.475 0.7765625 0.00625 0.009375
0 0.390625 0.8234375 0.0125 0.009375
0 0.453125 0.6765625 0.00625 0.009375
0 0.403125 0.6921875 0.0078125 0.0078125
0 0.5765625 0.8046875 0.00625 0.009375
0 0.54375 0.809375 0.0078125 0.0109375
0 0.5390625 0.8390625 0.009375 0.0109375
0 0.58125 0.8265625 0.009375 0.0109375
0 0.55 0.8546875 0.00625 0.0078125