0 0.6015625 0.7 0.0171875 0.0234375
0 0.5640625 0.7234375 0.01875 0.0234375
0 0.43125 0.76875 0.015625 0.03125
0 0.3484375 0.709375 0.0140625 0.0171875
0 0.4046875 0.821875 0.0109375 0.0171875
0 0.221875 0.725 0.0109375 0.0171875
0 0.1828125 0.7046875 0.0109375 0.0203125
0 0.190625 0.65625 0.0109375 0.0125
0 0.1609375 0.6546875 0.0125 0.0140625
0 0.2140625 0.625 0.0140625 0.0140625
0 0.2296875 0.634375 0.0125 0.0109375
0 0.45625 0.759375 0.00625 0.009375
0 0.4609375 0.7703125 0.00625 0.00625
0 0.49375 0.771875 0.0078125 0.0140625
0 0.5265625 0.7390625 0.009375 0.0125
0 0.615625 0.7546875 0.0078125 0.0109375
0 0.6515625 0.721875 0.0078125 0.009375
0 0.6796875 0.734375 0.0078125 0.0109375
0 0.6859375 0.7890625 0.009375 0.0109375
0 0.6875 0.6390625 0.009375 0.0109375
0 0.725 0.60625 0.0109375 0.0140625
0 0.809375 0.6 0.00625 0.0109375
0 0.6515625 0.5140625 0.009375 0.0109375
0 0.496875 0.4875 0.0078125 0.0078125
0 0.4265625 0.534375 0.0078125 0.0109375
0 0.3015625 0.5046875 0.009375 0.009375
0 0.275 0.490625 0.009375 0.009375
0 0.21875 0.509375 0.00625 0.00625
0 0.184375 0.5140625 0.0078125 0.0125
0 0.1546875 0.546875 0.00625 0.009375
0 0.1703125 0.46875 0.009375 0.0078125
0 0.184375 0.43125 0.0109375 0.0109375
0 0.2140625 0.3984375 0.009375 0.0109375
0 0.2828125 0.3359375 0.0078125 0.0109375
0 0.2546875 0.309375 0.0109375 0.0125
0 0.3875 0.3515625 0.0078125 0.0109375
0 0.4953125 0.2875 0.009375 0.0140625
0 0.6984375 0.35 0.0109375 0.0109375
0 0.6 0.3578125 0.0078125 0.009375
0 0.63125 0.2640625 0.0078125 0.0078125
0 0.65625 0.3109375 0.009375 0.0078125
0 0.703125 0.3046875 0.009375 0.0109375
0 0.7125 0.2921875 0.00625 0.0078125
0 0.759375 0.321875 0.0078125 0.0125
0 0.746875 0.328125 0.009375 0.0125
0 0.7953125 0.4609375 0.00625 0.0078125
0 0.828125 0.484375 0.00625 0.0078125
0 0.778125 0.4734375 0.00625 0.009375
0 0.3546875 0.6140625 0.0078125 0.009375
0 0.30625 0.2140625 0.0078125 0.0109375
0 0.3171875 0.225 0.0078125 0.009375
0 0.284375 0.23125 0.0078125 0.0109375
0 0.31875 0.1859375 0.0078125 0.0109375
0 0.278125 0.19375 0.0078125 0.0078125
0 0.2234375 0.26875 0.0078125 0.009375
0 0.56875 0.1828125 0.009375 0.0109375
0 0.6296875 0.18125 0.0078125 0.0125
0 0.628125 0.340625 0.00625 0.00625
0 0.6296875 0.3265625 0.0046875 0.00625
0 0.2796875 0.43125 0.009375 0.0078125