0 0.4359375 0.8015625 0.009375 0.0125
0 0.4453125 0.8265625 0.0078125 0.0109375
0 0.440625 0.7640625 0.0078125 0.0109375
0 0.2890625 0.7359375 0.0109375 0.009375
0 0.396875 0.6875 0.0078125 0.0109375
0 0.43125 0.6890625 0.0109375 0.0125
0 0.3609375 0.634375 0.0078125 0.0078125
0 0.3796875 0.665625 0.00625 0.009375
0 0.3171875 0.6765625 0.0046875 0.0078125
0 0.3 0.5984375 0.0046875 0.009375
0 0.3375 0.5625 0.00625 0.0078125
0 0.3140625 0.53125 0.00625 0.00625
0 0.1703125 0.621875 0.00625 0.00625
0 0.2046875 0.646875 0.00625 0.0078125
0 0.1984375 0.6578125 0.00625 0.0078125
0 0.21875 0.7328125 0.00625 0.0078125
0 0.2171875 0.71875 0.00625 0.0078125
0 0.3 0.7703125 0.0046875 0.0078125
0 0.6125 0.715625 0.00625 0.0078125
0 0.675 0.75 0.00625 0.0109375
0 0.7140625 0.7078125 0.00625 0.0078125
0 0.715625 0.6828125 0.0046875 0.00625
0 0.740625 0.653125 0.00625 0.00625
0 0.746875 0.6 0.00625 0.0078125
0 0.7765625 0.603125 0.0046875 0.0078125
0 0.7015625 0.571875 0.0078125 0.0078125
0 0.69375 0.5765625 0.0078125 0.0078125
0 0.678125 0.55625 0.0046875 0.0046875
0 0.665625 0.5203125 0.003125 0.00625
0 0.715625 0.50625 0.0046875 0.00625
0 0.734375 0.4875 0.0046875 0.0046875
0 0.740625 0.4765625 0.0046875 0.00625
0 0.746875 0.459375 0.0046875 0.00625
0 0.759375 0.48125 0.00625 0.00625
0 0.7046875 0.4265625 0.0046875 0.00625
0 0.7328125 0.41875 0.0046875 0.0046875
0 0.721875 0.415625 0.0046875 0.003125
0 0.6859375 0.4015625 0.00625 0.0046875
0 0.5609375 0.36875 0.0046875 0.0046875
0 0.546875 0.365625 0.00625 0.00625
0 0.446875 0.334375 0.00625 0.0046875
0 0.321875 0.25 0.00625 0.0078125
0 0.4203125 0.19375 0.0078125 0.0078125
0 0.5125 0.2546875 0.0078125 0.009375
0 0.4640625 0.2796875 0.00625 0.009375
0 0.4828125 0.2859375 0.0078125 0.00625
0 0.6359375 0.28125 0.00625 0.009375
0 0.6484375 0.275 0.00625 0.0078125
0 0.7109375 0.3421875 0.0078125 0.0078125
0 0.771875 0.3078125 0.0046875 0.00625
0 0.7703125 0.325 0.0046875 0.00625
0 0.778125 0.4484375 0.0046875 0.00625
0 0.5578125 0.190625 0.009375 0.0109375
0 0.240625 0.2921875 0.009375 0.009375
0 0.3234375 0.334375 0.00625 0.009375
0 0.190625 0.3671875 0.0078125 0.009375
0 0.228125 0.375 0.00625 0.0078125
0 0.1875 0.509375 0.0078125 0.0078125
0 0.1453125 0.53125 0.00625 0.00625
0 0.2390625 0.5078125 0.00625 0.00625
0 0.25 0.4640625 0.0078125 0.00625
0 0.2546875 0.45 0.003125 0.0046875
0 0.265625 0.4921875 0.0046875 0.0078125
0 0.2078125 0.465625 0.00625 0.0078125
0 0.33125 0.496875 0.00625 0.0078125
0 0.346875 0.5046875 0.0046875 0.0078125
0 0.3328125 0.4484375 0.0046875 0.00625
0 0.409375 0.4203125 0.009375 0.009375
0 0.2859375 0.3453125 0.00625 0.0078125
0 0.5765625 0.4453125 0.0046875 0.009375
0 0.6015625 0.484375 0.0046875 0.0078125
0 0.5953125 0.525 0.00625 0.0078125
0 0.5015625 0.5421875 0.00625 0.0078125
0 0.60625 0.6265625 0.00625 0.00625
0 0.640625 0.6359375 0.00625 0.00625
0 0.5796875 0.6671875 0.0046875 0.00625
0 0.5703125 0.6640625 0.003125 0.0046875
0 0.5734375 0.6671875 0.003125 0.0046875
0 0.75 0.6921875 0.0046875 0.00625
0 0.3453125 0.8078125 0.00625 0.009375
0 0.40625 0.828125 0.0046875 0.0078125
0 0.4125 0.5765625 0.00625 0.0078125
0 0.459375 0.5015625 0.00625 0.00625
0 0.2296875 0.2421875 0.003125 0.0046875
0 0.203125 0.271875 0.003125 0.00625
0 0.196875 0.265625 0.0046875 0.0046875
0 0.246875 0.23125 0.003125 0.0046875