0 0.5734375 0.48125 0.00625 0.009375
0 0.68125 0.459375 0.00625 0.00625
0 0.690625 0.365625 0.003125 0.00625
0 0.7578125 0.5265625 0.0046875 0.00625
0 0.70625 0.5453125 0.0046875 0.00625
0 0.684375 0.69375 0.00625 0.0046875
0 0.5265625 0.7453125 0.00625 0.00625
0 0.53125 0.715625 0.0046875 0.00625
0 0.45 0.7765625 0.0046875 0.00625
0 0.3171875 0.68125 0.00625 0.0078125
0 0.40625 0.3546875 0.0078125 0.0078125
0 0.4078125 0.375 0.0046875 0.00625
0 0.4375 0.165625 0.00625 0.0078125
0 0.615625 0.184375 0.00625 0.00625
0 0.665625 0.1890625 0.0046875 0.0078125
0 0.6421875 0.2265625 0.00625 0.00625
0 0.7078125 0.6109375 0.00625 0.00625
0 0.6125 0.8171875 0.0046875 0.0046875
0 0.4125 0.70625 0.0046875 0.0046875
0 0.465625 0.659375 0.0046875 0.0046875
0 0.3875 0.6140625 0.0046875 0.00625
0 0.5515625 0.528125 0.0078125 0.00625
0 0.2125 0.2859375 0.0046875 0.003125