0 0.4359375 0.1734375 0.00625 0.0078125
0 0.446875 0.18125 0.009375 0.009375
0 0.50625 0.2 0.00625 0.00625
0 0.5125 0.2171875 0.00625 0.00625
0 0.509375 0.228125 0.0046875 0.00625
0 0.459375 0.215625 0.00625 0.00625
0 0.4375 0.2140625 0.0046875 0.003125
0 0.44375 0.2203125 0.0046875 0.00625
0 0.51875 0.2453125 0.0046875 0.0046875
0 0.521875 0.2484375 0.0046875 0.00625
0 0.546875 0.228125 0.003125 0.0046875
0 0.4796875 0.2578125 0.00625 0.00625
0 0.4578125 0.1609375 0.00625 0.0078125
0 0.384375 0.1484375 0.009375 0.009375
0 0.3671875 0.178125 0.0046875 0.00625
0 0.4015625 0.20625 0.00625 0.00625
0 0.3640625 0.221875 0.00625 0.00625
0 0.3359375 0.1890625 0.0046875 0.00625
0 0.33125 0.203125 0.00625 0.00625
0 0.3421875 0.221875 0.0046875 0.0078125
0 0.3640625 0.23125 0.0046875 0.00625
0 0.3828125 0.259375 0.00625 0.009375
0 0.340625 0.2421875 0.0046875 0.00625
0 0.3171875 0.2140625 0.0046875 0.00625
0 0.31875 0.2234375 0.0046875 0.0046875
0 0.3046875 0.215625 0.00625 0.00625
0 0.29375 0.2203125 0.00625 0.0046875
0 0.278125 0.215625 0.0078125 0.0078125
0 0.6046875 0.221875 0.0078125 0.009375
0 0.5703125 0.2484375 0.0078125 0.009375
0 0.6421875 0.225 0.0046875 0.00625
0 0.5671875 0.2859375 0.00625 0.00625
0 0.540625 0.2828125 0.0078125 0.00625
0 0.515625 0.3078125 0.0078125 0.00625
0 0.5421875 0.31875 0.00625 0.00625
0 0.5625 0.334375 0.00625 0.00625
0 0.5359375 0.3421875 0.00625 0.00625
0 0.6359375 0.334375 0.00625 0.0078125
0 0.628125 0.3234375 0.0046875 0.0046875
0 0.634375 0.3609375 0.00625 0.00625
0 0.6328125 0.375 0.0046875 0.00625
0 0.6109375 0.3578125 0.003125 0.003125
0 0.6109375 0.3671875 0.00625 0.00625
0 0.6453125 0.4 0.0046875 0.0078125
0 0.66875 0.390625 0.00625 0.00625
0 0.690625 0.3765625 0.00625 0.00625
0 0.678125 0.4046875 0.0046875 0.0078125
0 0.6625 0.4203125 0.0046875 0.00625
0 0.7359375 0.3921875 0.0046875 0.00625
0 0.7421875 0.3671875 0.003125 0.003125
0 0.70625 0.3546875 0.00625 0.00625
0 0.7015625 0.3109375 0.00625 0.0046875
0 0.6890625 0.3171875 0.003125 0.0046875
0 0.640625 0.284375 0.0078125 0.0078125
0 0.63125 0.290625 0.00625 0.0078125
0 0.7046875 0.2828125 0.003125 0.0046875
0 0.6984375 0.2859375 0.00625 0.0046875
0 0.7765625 0.3234375 0.00625 0.00625
0 0.746875 0.4078125 0.0046875 0.00625
0 0.790625 0.4125 0.0046875 0.0046875
0 0.79375 0.41875 0.0046875 0.00625
0 0.778125 0.4265625 0.0046875 0.00625
0 0.8078125 0.4546875 0.003125 0.00625
0 0.7328125 0.4515625 0.0046875 0.0046875
0 0.71875 0.4546875 0.00625 0.00625
0 0.746875 0.4859375 0.0046875 0.00625
0 0.778125 0.49375 0.0046875 0.00625
0 0.8015625 0.490625 0.00625 0.00625
0 0.8078125 0.4921875 0.003125 0.00625
0 0.8109375 0.5140625 0.0046875 0.0046875
0 0.79375 0.528125 0.0046875 0.0046875
0 0.7765625 0.525 0.00625 0.00625
0 0.753125 0.51875 0.0046875 0.00625
0 0.7765625 0.5421875 0.0078125 0.0078125
0 0.8078125 0.5484375 0.0046875 0.00625
0 0.7953125 0.5546875 0.00625 0.00625
0 0.7703125 0.5734375 0.0046875 0.00625
0 0.7828125 0.6 0.0046875 0.00625
0 0.784375 0.60625 0.0046875 0.0046875
0 0.7796875 0.6109375 0.0046875 0.00625
0 0.7609375 0.625 0.00625 0.0046875
0 0.7578125 0.5921875 0.0046875 0.0046875
0 0.740625 0.6 0.0046875 0.0046875
0 0.7390625 0.6046875 0.00625 0.0046875
0 0.7421875 0.609375 0.0046875 0.0046875
0 0.7 0.590625 0.00625 0.00625
0 0.69375 0.5796875 0.003125 0.0078125
0 0.703125 0.6296875 0.00625 0.00625
0 0.7515625 0.653125 0.0046875 0.00625
0 0.728125 0.653125 0.0078125 0.00625
0 0.778125 0.6703125 0.00625 0.0078125
0 0.7640625 0.7 0.0046875 0.00625
0 0.728125 0.6953125 0.0046875 0.00625
0 0.6953125 0.7 0.00625 0.00625
0 0.678125 0.65625 0.00625 0.00625
0 0.6796875 0.6625 0.00625 0.00625
0 0.65625 0.6578125 0.00625 0.0078125
0 0.63125 0.675 0.0046875 0.0046875
0 0.628125 0.6796875 0.00625 0.00625
0 0.6171875 0.671875 0.003125 0.0046875
0 0.6140625 0.678125 0.0046875 0.00625
0 0.6078125 0.696875 0.00625 0.00625
0 0.5984375 0.7203125 0.0046875 0.00625
0 0.6140625 0.746875 0.0046875 0.00625
0 0.590625 0.7359375 0.003125 0.00625
0 0.603125 0.7921875 0.0046875 0.0078125
0 0.65 0.7875 0.00625 0.00625
0 0.6703125 0.7734375 0.00625 0.00625
0 0.6953125 0.7640625 0.0046875 0.0046875
0 0.7015625 0.75 0.0046875 0.0046875
0 0.7296875 0.7390625 0.0046875 0.00625
0 0.596875 0.8078125 0.00625 0.00625
0 0.528125 0.80625 0.003125 0.0046875
0 0.525 0.8 0.0046875 0.0046875
0 0.5171875 0.821875 0.00625 0.00625
0 0.425 0.8140625 0.0046875 0.0046875
0 0.4234375 0.81875 0.00625 0.0046875
0 0.4359375 0.8296875 0.00625 0.0046875
0 0.4890625 0.809375 0.0078125 0.0046875
0 0.4390625 0.7875 0.0046875 0.0046875
0 0.5 0.8234375 0.003125 0.0046875
0 0.553125 0.8359375 0.0046875 0.00625
0 0.5578125 0.8 0.003125 0.0046875
0 0.5 0.7796875 0.0046875 0.0046875
0 0.4953125 0.775 0.0046875 0.0046875
0 0.44375 0.7703125 0.003125 0.0046875
0 0.4484375 0.753125 0.00625 0.0046875
0 0.428125 0.7453125 0.003125 0.00625
0 0.4140625 0.7671875 0.0046875 0.0046875
0 0.4 0.7703125 0.00625 0.0078125
0 0.378125 0.7453125 0.0046875 0.0046875
0 0.334375 0.74375 0.0078125 0.0046875
0 0.38125 0.734375 0.00625 0.003125
0 0.3828125 0.721875 0.003125 0.0046875
0 0.4046875 0.71875 0.0046875 0.0046875
0 0.396875 0.7296875 0.0046875 0.003125
0 0.3921875 0.7390625 0.003125 0.00625
0 0.390625 0.7015625 0.0046875 0.0046875
0 0.4125 0.69375 0.0140625 0.0140625
0 0.4 0.684375 0.0046875 0.0046875
0 0.38125 0.7125 0.0046875 0.0046875
0 0.3703125 0.7109375 0.0046875 0.0046875
0 0.3515625 0.709375 0.00625 0.00625
0 0.35625 0.71875 0.0046875 0.0046875
0 0.35625 0.6875 0.0046875 0.00625
0 0.3546875 0.6765625 0.0046875 0.0046875
0 0.3203125 0.6734375 0.0046875 0.00625
0 0.3328125 0.6625 0.00625 0.0046875
0 0.365625 0.665625 0.0046875 0.0046875
0 0.396875 0.659375 0.00625 0.0046875
0 0.4390625 0.678125 0.00625 0.00625
0 0.4421875 0.71875 0.0046875 0.00625
0 0.4640625 0.7140625 0.0046875 0.00625
0 0.5109375 0.7 0.0046875 0.00625
0 0.4921875 0.678125 0.0046875 0.0078125
0 0.5125 0.6484375 0.003125 0.00625
0 0.5078125 0.6515625 0.0046875 0.00625
0 0.5359375 0.7046875 0.00625 0.00625
0 0.50625 0.7140625 0.0046875 0.0046875
0 0.478125 0.73125 0.0046875 0.0046875
0 0.4515625 0.85 0.009375 0.0078125
0 0.3640625 0.8453125 0.0046875 0.0046875
0 0.321875 0.784375 0.00625 0.00625
0 0.2328125 0.7421875 0.00625 0.00625
0 0.259375 0.7359375 0.00625 0.0046875
0 0.2328125 0.7453125 0.0046875 0.0046875
0 0.2375 0.7453125 0.0046875 0.0046875
0 0.20625 0.753125 0.0046875 0.00625
0 0.2578125 0.7703125 0.0046875 0.0046875
0 0.275 0.771875 0.0046875 0.0078125
0 0.303125 0.7171875 0.00625 0.0078125
0 0.296875 0.690625 0.00625 0.00625
0 0.315625 0.6875 0.0046875 0.0046875
0 0.259375 0.653125 0.00625 0.00625
0 0.24375 0.6578125 0.0078125 0.00625
0 0.2296875 0.6734375 0.0078125 0.0046875
0 0.215625 0.6953125 0.00625 0.00625
0 0.1984375 0.7109375 0.00625 0.00625
0 0.1734375 0.7125 0.0046875 0.0046875
0 0.1890625 0.725 0.003125 0.0046875
0 0.1625 0.6828125 0.003125 0.0046875
0 0.175 0.6734375 0.0078125 0.0046875
0 0.1859375 0.65 0.00625 0.0046875
0 0.2078125 0.6515625 0.0046875 0.00625
0 0.18125 0.6359375 0.0046875 0.00625
0 0.1609375 0.6421875 0.0046875 0.00625
0 0.1515625 0.653125 0.0046875 0.0046875
0 0.1609375 0.6546875 0.00625 0.0046875
0 0.1609375 0.6171875 0.00625 0.00625
0 0.1609375 0.59375 0.0046875 0.0046875
0 0.20625 0.5984375 0.00625 0.00625
0 0.1921875 0.5875 0.0046875 0.00625
0 0.1375 0.578125 0.00625 0.00625
0 0.121875 0.5765625 0.0046875 0.0046875
0 0.1171875 0.553125 0.0078125 0.0078125
0 0.0984375 0.55625 0.00625 0.00625
0 0.153125 0.5546875 0.00625 0.00625
0 0.1703125 0.5515625 0.0046875 0.00625
0 0.1875 0.5328125 0.00625 0.00625
0 0.2078125 0.528125 0.00625 0.0046875
0 0.203125 0.5296875 0.003125 0.00625
0 0.23125 0.528125 0.009375 0.009375
0 0.19375 0.5046875 0.0078125 0.00625
0 0.234375 0.509375 0.003125 0.0046875
0 0.2421875 0.5109375 0.00625 0.0046875
0 0.23125 0.4984375 0.003125 0.00625
0 0.20625 0.4796875 0.0046875 0.0046875
0 0.2125 0.4734375 0.0046875 0.00625
0 0.1578125 0.4890625 0.003125 0.00625
0 0.1625 0.503125 0.003125 0.0078125
0 0.1578125 0.4640625 0.00625 0.0078125
0 0.1359375 0.4640625 0.0046875 0.00625
0 0.1140625 0.471875 0.003125 0.0046875
0 0.18125 0.4546875 0.00625 0.00625
0 0.221875 0.4546875 0.0046875 0.00625
0 0.2203125 0.459375 0.00625 0.0046875
0 0.25 0.446875 0.00625 0.00625
0 0.196875 0.4328125 0.0046875 0.0046875
0 0.2359375 0.40625 0.00625 0.0046875
0 0.2390625 0.4140625 0.0046875 0.0046875
0 0.228125 0.4 0.0046875 0.0046875
0 0.184375 0.3875 0.00625 0.0046875
0 0.1875 0.36875 0.00625 0.0046875
0 0.2328125 0.3625 0.0046875 0.0046875
0 0.25 0.378125 0.0046875 0.00625
0 0.2546875 0.384375 0.0046875 0.0046875
0 0.2765625 0.3859375 0.00625 0.00625
0 0.2796875 0.4015625 0.0046875 0.00625
0 0.25 0.3578125 0.003125 0.0046875
0 0.2734375 0.346875 0.003125 0.00625
0 0.31875 0.3703125 0.003125 0.00625
0 0.35 0.3828125 0.0046875 0.00625
0 0.3328125 0.3625 0.0140625 0.0140625
0 0.3828125 0.3671875 0.00625 0.00625
0 0.33125 0.3 0.0203125 0.0203125
0 0.2953125 0.315625 0.028125 0.0265625
0 0.4140625 0.340625 0.034375 0.0359375
0 0.425 0.34375 0.003125 0.0046875
0 0.4171875 0.3578125 0.0046875 0.0046875
0 0.4125 0.3765625 0.003125 0.0046875
0 0.4421875 0.3671875 0.003125 0.003125
0 0.4421875 0.3390625 0.00625 0.0046875
0 0.4796875 0.378125 0.00625 0.0046875
0 0.4828125 0.3640625 0.0046875 0.0046875
0 0.5140625 0.3953125 0.00625 0.003125
0 0.521875 0.371875 0.003125 0.00625
0 0.515625 0.38125 0.009375 0.0109375
0 0.5609375 0.421875 0.00625 0.00625
0 0.5171875 0.4203125 0.0046875 0.0046875
0 0.528125 0.425 0.0046875 0.003125
0 0.5578125 0.4140625 0.0046875 0.0046875
0 0.5859375 0.41875 0.0046875 0.0046875
0 0.5859375 0.4296875 0.0046875 0.00625
0 0.5765625 0.4375 0.003125 0.0046875
0 0.5671875 0.4421875 0.00625 0.00625
0 0.546875 0.4453125 0.0046875 0.0046875
0 0.6 0.4296875 0.00625 0.0046875
0 0.6078125 0.4265625 0.00625 0.0046875
0 0.6671875 0.4453125 0.00625 0.0046875
0 0.6484375 0.45 0.00625 0.0046875
0 0.6609375 0.4515625 0.00625 0.0046875
0 0.640625 0.4765625 0.0046875 0.0046875
0 0.6234375 0.471875 0.0046875 0.00625
0 0.615625 0.478125 0.003125 0.0046875
0 0.609375 0.503125 0.003125 0.00625
0 0.63125 0.5078125 0.0046875 0.00625
0 0.6390625 0.5109375 0.0046875 0.00625
0 0.5875 0.5015625 0.00625 0.00625
0 0.6 0.525 0.0046875 0.0046875
0 0.578125 0.51875 0.00625 0.0046875
0 0.5765625 0.540625 0.0046875 0.00625
0 0.5765625 0.5484375 0.00625 0.0046875
0 0.63125 0.565625 0.0046875 0.00625
0 0.646875 0.5515625 0.00625 0.00625
0 0.63125 0.5734375 0.00625 0.003125
0 0.5734375 0.64375 0.00625 0.00625
0 0.6015625 0.6484375 0.00625 0.0078125
0 0.5609375 0.646875 0.0046875 0.00625
0 0.5125 0.6 0.0046875 0.0078125
0 0.534375 0.5640625 0.00625 0.00625
0 0.515625 0.565625 0.00625 0.00625
0 0.4703125 0.6 0.00625 0.00625
0 0.440625 0.571875 0.003125 0.00625
0 0.428125 0.5734375 0.0046875 0.0046875