0 0.1796875 0.2734375 0.0140625 0.0140625
0 0.1515625 0.41875 0.0109375 0.0140625
0 0.1875 0.4390625 0.0125 0.0140625
0 0.225 0.3984375 0.0125 0.0109375
0 0.271875 0.334375 0.015625 0.0171875
0 0.34375 0.3078125 0.0140625 0.0171875
0 0.38125 0.271875 0.015625 0.0171875
0 0.353125 0.2234375 0.01875 0.0125
0 0.3390625 0.2296875 0.0125 0.0109375
0 0.3203125 0.2109375 0.015625 0.0171875
0 0.275 0.1765625 0.0125 0.0140625
0 0.228125 0.1921875 0.0171875 0.015625
0 0.453125 0.2265625 0.0125 0.0171875
0 0.475 0.215625 0.0171875 0.0203125
0 0.45 0.26875 0.0140625 0.0171875
0 0.3984375 0.1828125 0.015625 0.0171875
0 0.3078125 0.5671875 0.015625 0.0171875
0 0.421875 0.484375 0.0125 0.01875
0 0.4671875 0.4875 0.0140625 0.0140625
0 0.515625 0.50625 0.01875 0.0203125
0 0.45 0.5296875 0.0140625 0.0140625
0 0.46875 0.5515625 0.0078125 0.0109375
0 0.0515625 0.55 0.0109375 0.015625
0 0.5296875 0.396875 0.01875 0.015625
0 0.625 0.3328125 0.0171875 0.01875
0 0.65625 0.3671875 0.0109375 0.0171875
0 0.65 0.465625 0.015625 0.01875
0 0.671875 0.509375 0.0140625 0.021875
0 0.6171875 0.5609375 0.0140625 0.015625
0 0.7015625 0.1859375 0.0078125 0.009375
0 0.3953125 0.1484375 0.0140625 0.0140625
0 0.553125 0.1390625 0.015625 0.0125
0 0.69375 0.23125 0.015625 0.0125
0 0.7703125 0.221875 0.0109375 0.0125
0 0.8171875 0.23125 0.015625 0.0140625
0 0.8046875 0.2859375 0.0140625 0.0171875
0 0.728125 0.359375 0.0125 0.0140625
0 0.8625 0.3828125 0.015625 0.0171875
0 0.8 0.41875 0.015625 0.0171875
0 0.8234375 0.4609375 0.0140625 0.01875
0 0.9265625 0.496875 0.0171875 0.01875
0 0.8046875 0.6421875 0.0140625 0.015625
0 0.828125 0.696875 0.0171875 0.0171875
0 0.459375 0.65625 0.01875 0.0203125
0 0.453125 0.684375 0.0140625 0.0171875
0 0.4921875 0.70625 0.0171875 0.0171875
0 0.7671875 0.784375 0.015625 0.01875
0 0.7578125 0.80625 0.015625 0.015625
0 0.6171875 0.8828125 0.0171875 0.015625
0 0.55625 0.8859375 0.01875 0.015625
0 0.4734375 0.8125 0.0140625 0.015625
0 0.59375 0.9234375 0.0140625 0.0171875
0 0.6453125 0.9390625 0.015625 0.0140625
0 0.2515625 0.74375 0.0140625 0.015625
0 0.221875 0.8546875 0.0140625 0.0140625
0 0.2375 0.6296875 0.015625 0.0203125