0 0.284375 0.140625 0.01875 0.0140625
0 0.3421875 0.0984375 0.0140625 0.0109375
0 0.4125 0.11875 0.015625 0.0140625
0 0.3703125 0.171875 0.0203125 0.0171875
0 0.353125 0.190625 0.0171875 0.0140625
0 0.3265625 0.1921875 0.0140625 0.015625
0 0.196875 0.253125 0.0171875 0.015625
0 0.2859375 0.2734375 0.015625 0.0171875
0 0.2515625 0.2953125 0.015625 0.0140625
0 0.1921875 0.3125 0.0125 0.0125
0 0.1390625 0.3265625 0.0125 0.0125
0 0.090625 0.365625 0.0125 0.0140625
0 0.0921875 0.3921875 0.0125 0.0140625
0 0.1015625 0.4078125 0.0140625 0.0125
0 0.0953125 0.4125 0.015625 0.0125
0 0.128125 0.4296875 0.0125 0.0140625
0 0.1421875 0.4484375 0.015625 0.0140625
0 0.175 0.5015625 0.0125 0.0140625
0 0.1828125 0.53125 0.0140625 0.0140625
0 0.08125 0.5015625 0.0125 0.0125
0 0.0640625 0.5140625 0.01875 0.015625
0 0.15 0.6171875 0.0140625 0.0140625
0 0.0921875 0.6546875 0.0109375 0.0109375
0 0.096875 0.675 0.0125 0.0125
0 0.1203125 0.671875 0.0109375 0.0109375
0 0.1296875 0.678125 0.0125 0.0125
0 0.1625 0.7171875 0.0109375 0.0125
0 0.184375 0.6875 0.009375 0.0109375
0 0.1921875 0.6875 0.0125 0.0140625
0 0.2171875 0.7015625 0.0109375 0.0140625
0 0.2375 0.7015625 0.0140625 0.0171875
0 0.2265625 0.753125 0.015625 0.0171875
0 0.2265625 0.6375 0.015625 0.0140625
0 0.215625 0.60625 0.0125 0.0140625
0 0.265625 0.6015625 0.0125 0.0125
0 0.28125 0.6 0.015625 0.015625
0 0.271875 0.6515625 0.015625 0.015625
0 0.309375 0.646875 0.0140625 0.0140625
0 0.3125 0.6234375 0.0109375 0.0125
0 0.2796875 0.7125 0.009375 0.0109375
0 0.275 0.715625 0.009375 0.0078125
0 0.2734375 0.48125 0.01875 0.0171875
0 0.328125 0.4609375 0.0171875 0.01875
0 0.3421875 0.528125 0.0140625 0.015625
0 0.3171875 0.58125 0.0171875 0.01875
0 0.3390625 0.5984375 0.0140625 0.0109375
0 0.3421875 0.6125 0.0171875 0.015625
0 0.359375 0.6171875 0.0078125 0.0078125
0 0.3796875 0.628125 0.015625 0.0140625
0 0.4125 0.6265625 0.0140625 0.0109375
0 0.4265625 0.5875 0.015625 0.0140625
0 0.4609375 0.640625 0.015625 0.015625
0 0.4453125 0.6984375 0.0171875 0.0171875
0 0.41875 0.7171875 0.01875 0.01875
0 0.4046875 0.759375 0.0140625 0.015625
0 0.434375 0.78125 0.0171875 0.015625
0 0.440625 0.803125 0.0140625 0.009375
0 0.440625 0.8125 0.0125 0.0109375
0 0.259375 0.78125 0.015625 0.0171875
0 0.2828125 0.778125 0.015625 0.0171875
0 0.296875 0.790625 0.015625 0.01875
0 0.3109375 0.79375 0.0140625 0.015625
0 0.315625 0.8234375 0.01875 0.0203125
0 0.3265625 0.8125 0.0171875 0.0171875
0 0.34375 0.8375 0.01875 0.0171875
0 0.3765625 0.8609375 0.01875 0.0203125
0 0.5890625 0.8890625 0.0234375 0.0171875
0 0.6140625 0.865625 0.015625 0.01875
0 0.628125 0.8359375 0.01875 0.0203125
0 0.5390625 0.79375 0.015625 0.0171875
0 0.559375 0.7921875 0.015625 0.0140625
0 0.5890625 0.775 0.0125 0.015625
0 0.6046875 0.765625 0.0171875 0.01875
0 0.596875 0.7296875 0.0140625 0.015625
0 0.5609375 0.7296875 0.0125 0.0140625
0 0.5453125 0.7234375 0.0171875 0.015625
0 0.5140625 0.7203125 0.015625 0.015625
0 0.6171875 0.7125 0.0140625 0.015625
0 0.63125 0.71875 0.015625 0.0140625
0 0.6296875 0.7390625 0.01875 0.0171875
0 0.65 0.7453125 0.015625 0.0140625
0 0.675 0.7328125 0.015625 0.0125
0 0.6796875 0.7859375 0.015625 0.0171875
0 0.7234375 0.8484375 0.015625 0.0171875
0 0.765625 0.8484375 0.0171875 0.0171875
0 0.7515625 0.884375 0.0125 0.0109375
0 0.725 0.8078125 0.015625 0.015625
0 0.7234375 0.7484375 0.0171875 0.0203125
0 0.7546875 0.7375 0.015625 0.01875
0 0.84375 0.7390625 0.01875 0.01875
0 0.784375 0.684375 0.0171875 0.01875
0 0.75 0.6875 0.0203125 0.0171875
0 0.7703125 0.6609375 0.015625 0.0171875
0 0.80625 0.6453125 0.015625 0.0203125
0 0.821875 0.6328125 0.01875 0.015625
0 0.821875 0.646875 0.015625 0.0140625
0 0.8296875 0.6625 0.0171875 0.0171875
0 0.70625 0.6609375 0.015625 0.0171875
0 0.83125 0.6 0.015625 0.01875
0 0.79375 0.603125 0.0125 0.0125
0 0.8046875 0.5640625 0.015625 0.0171875
0 0.8390625 0.5375 0.0171875 0.01875
0 0.7625 0.55 0.0171875 0.021875
0 0.8328125 0.4734375 0.0171875 0.015625
0 0.7390625 0.53125 0.015625 0.015625
0 0.7203125 0.5140625 0.015625 0.0171875
0 0.725 0.4859375 0.015625 0.015625
0 0.6984375 0.4796875 0.015625 0.0140625
0 0.6765625 0.4296875 0.0171875 0.0171875
0 0.7546875 0.34375 0.015625 0.0171875
0 0.8359375 0.296875 0.01875 0.01875
0 0.7671875 0.2984375 0.0171875 0.0171875
0 0.7 0.29375 0.015625 0.0171875
0 0.675 0.2578125 0.015625 0.0171875
0 0.690625 0.2046875 0.01875 0.0171875
0 0.7359375 0.1953125 0.015625 0.0171875
0 0.75 0.1609375 0.0171875 0.01875
0 0.6140625 0.1546875 0.0140625 0.01875
0 0.5640625 0.2140625 0.021875 0.0171875
0 0.5671875 0.2296875 0.0171875 0.015625
0 0.5484375 0.2484375 0.015625 0.01875
0 0.5125 0.140625 0.01875 0.01875
0 0.6421875 0.0828125 0.0171875 0.01875
0 0.5296875 0.05625 0.0140625 0.0140625
0 0.446875 0.084375 0.015625 0.01875
0 0.478125 0.13125 0.0171875 0.01875
0 0.4671875 0.2234375 0.015625 0.015625
0 0.4796875 0.225 0.0140625 0.015625
0 0.4953125 0.2546875 0.0125 0.0140625
0 0.4765625 0.26875 0.0171875 0.0140625
0 0.45625 0.3015625 0.0125 0.0140625
0 0.446875 0.2984375 0.009375 0.009375
0 0.54375 0.3203125 0.0125 0.015625
0 0.559375 0.325 0.0140625 0.0171875
0 0.5546875 0.3484375 0.0140625 0.0171875
0 0.48125 0.34375 0.0171875 0.015625
0 0.4671875 0.36875 0.0109375 0.0125
0 0.446875 0.3796875 0.0125 0.0109375
0 0.45625 0.390625 0.0125 0.0109375
0 0.4546875 0.409375 0.0109375 0.0125
0 0.38125 0.290625 0.0140625 0.0140625
0 0.39375 0.3296875 0.0140625 0.0109375
0 0.3328125 0.3015625 0.0140625 0.015625
0 0.3421875 0.359375 0.0140625 0.015625
0 0.5296875 0.3859375 0.0140625 0.0140625
0 0.5625 0.390625 0.0140625 0.0125
0 0.553125 0.421875 0.0171875 0.0171875
0 0.5984375 0.4234375 0.0171875 0.015625
0 0.6296875 0.3765625 0.0140625 0.0140625
0 0.640625 0.3859375 0.015625 0.0140625
0 0.625 0.396875 0.0140625 0.015625
0 0.634375 0.4125 0.0140625 0.015625
0 0.6453125 0.3328125 0.0125 0.0140625
0 0.640625 0.3140625 0.0140625 0.0140625
0 0.6296875 0.29375 0.015625 0.015625
0 0.621875 0.484375 0.0125 0.0125
0 0.60625 0.5015625 0.0125 0.0125
0 0.63125 0.5359375 0.009375 0.0109375
0 0.634375 0.546875 0.015625 0.0109375
0 0.65625 0.546875 0.0125 0.0125
0 0.6046875 0.55625 0.0140625 0.0109375
0 0.5953125 0.5671875 0.0125 0.0171875
0 0.5734375 0.5765625 0.0125 0.0125
0 0.5390625 0.478125 0.0140625 0.0140625
0 0.5390625 0.4890625 0.0140625 0.0109375
0 0.5078125 0.4953125 0.0109375 0.0125
0 0.4859375 0.5359375 0.0125 0.0125
0 0.4546875 0.490625 0.0125 0.0125
0 0.440625 0.434375 0.0125 0.0125
0 0.459375 0.4546875 0.0140625 0.015625
0 0.425 0.4484375 0.009375 0.009375
0 0.4015625 0.4671875 0.009375 0.0125
0 0.4125 0.4859375 0.009375 0.0109375
0 0.428125 0.5234375 0.009375 0.0109375
0 0.4140625 0.528125 0.009375 0.009375
0 0.45625 0.5515625 0.0109375 0.0125
0 0.3875 0.5328125 0.009375 0.0109375
0 0.3734375 0.5515625 0.0125 0.0125
0 0.478125 0.6078125 0.0125 0.0140625
0 0.496875 0.6109375 0.0125 0.0125
0 0.4765625 0.634375 0.0125 0.0140625
0 0.54375 0.6109375 0.0125 0.0140625
0 0.625 0.6265625 0.0078125 0.0125
0 0.63125 0.6171875 0.0125 0.0125
0 0.6453125 0.6109375 0.0140625 0.015625
0 0.634375 0.6296875 0.0109375 0.0125
0 0.65625 0.6390625 0.0140625 0.0140625
0 0.6734375 0.6203125 0.0109375 0.0109375
0 0.6953125 0.6015625 0.0109375 0.0125
0 0.7109375 0.6046875 0.015625 0.0140625
0 0.7421875 0.6015625 0.0109375 0.0125
0 0.8796875 0.4203125 0.015625 0.0171875
0 0.915625 0.4328125 0.0109375 0.0109375
0 0.921875 0.428125 0.0125 0.0140625
0 0.946875 0.4375 0.0125 0.0140625
0 0.9546875 0.4765625 0.0140625 0.015625
0 0.953125 0.5359375 0.0171875 0.021875
0 0.803125 0.8625 0.0171875 0.0125
0 0.1203125 0.7765625 0.015625 0.0171875
0 0.159375 0.81875 0.021875 0.01875
0 0.2125 0.7890625 0.0171875 0.01875
0 0.1984375 0.8640625 0.015625 0.0125
0 0.2125 0.8703125 0.0109375 0.015625
0 0.240625 0.853125 0.0171875 0.01875
0 0.828125 0.8421875 0.0109375 0.0125
0 0.109375 0.28125 0.0125 0.015625