0 0.1484375 0.28125 0.01875 0.0171875
0 0.290625 0.265625 0.0203125 0.0171875
0 0.3921875 0.2640625 0.01875 0.01875
0 0.3234375 0.165625 0.0203125 0.0203125
0 0.2203125 0.3453125 0.0203125 0.0203125
0 0.3015625 0.3609375 0.01875 0.0171875
0 0.3078125 0.4078125 0.0203125 0.0203125
0 0.3859375 0.36875 0.0140625 0.0171875
0 0.4 0.4171875 0.0203125 0.0234375
0 0.4828125 0.3671875 0.0171875 0.01875
0 0.509375 0.3859375 0.0140625 0.015625
0 0.4921875 0.3875 0.015625 0.0171875
0 0.578125 0.2921875 0.01875 0.01875
0 0.475 0.2296875 0.0140625 0.01875
0 0.4296875 0.1859375 0.0171875 0.01875
0 0.3828125 0.1796875 0.0140625 0.015625
0 0.46875 0.528125 0.0140625 0.015625
0 0.3953125 0.5546875 0.015625 0.0125
0 0.3828125 0.5671875 0.015625 0.015625
0 0.3859375 0.59375 0.0140625 0.0171875
0 0.359375 0.60625 0.009375 0.0109375
0 0.3171875 0.6578125 0.015625 0.0125
0 0.396875 0.6875 0.0171875 0.0171875
0 0.4296875 0.653125 0.0171875 0.0140625
0 0.46875 0.61875 0.0125 0.0171875
0 0.51875 0.5953125 0.0171875 0.0171875
0 0.5640625 0.61875 0.01875 0.0203125
0 0.5453125 0.659375 0.0140625 0.0171875
0 0.528125 0.6734375 0.0140625 0.0171875
0 0.471875 0.7125 0.0109375 0.0171875
0 0.4265625 0.7203125 0.01875 0.0171875
0 0.5546875 0.7453125 0.015625 0.015625
0 0.55625 0.7828125 0.01875 0.01875
0 0.615625 0.7109375 0.0203125 0.0203125
0 0.6515625 0.709375 0.015625 0.0171875
0 0.7125 0.7046875 0.015625 0.0140625
0 0.734375 0.69375 0.015625 0.01875
0 0.5890625 0.5609375 0.015625 0.01875
0 0.7609375 0.621875 0.0125 0.015625
0 0.7703125 0.6390625 0.015625 0.0140625
0 0.8125 0.6125 0.0125 0.01875
0 0.8234375 0.6484375 0.015625 0.0171875
0 0.853125 0.6984375 0.01875 0.0109375
0 0.646875 0.5078125 0.015625 0.0125
0 0.653125 0.46875 0.015625 0.0140625
0 0.6109375 0.5078125 0.015625 0.0140625
0 0.5921875 0.4640625 0.015625 0.0140625
0 0.60625 0.45625 0.0125 0.015625
0 0.74375 0.4671875 0.0171875 0.0140625
0 0.75625 0.50625 0.0125 0.0140625
0 0.7703125 0.4171875 0.015625 0.015625
0 0.8609375 0.43125 0.0203125 0.0171875
0 0.4171875 0.84375 0.015625 0.0125
0 0.2234375 0.8203125 0.0171875 0.0140625
0 0.2390625 0.8640625 0.0125 0.009375
0 0.31875 0.89375 0.0171875 0.0171875
0 0.45 0.9375 0.0125 0.0171875
0 0.5125 0.903125 0.015625 0.0125
0 0.53125 0.8671875 0.015625 0.015625
0 0.5421875 0.8875 0.00625 0.009375
0 0.53125 0.9140625 0.0140625 0.0140625
0 0.5796875 0.915625 0.015625 0.015625
0 0.6171875 0.85625 0.015625 0.0125
0 0.609375 0.9359375 0.015625 0.0171875
0 0.70625 0.875 0.0140625 0.0171875
0 0.7578125 0.8015625 0.015625 0.01875
0 0.8 0.81875 0.0140625 0.0140625
0 0.7953125 0.8546875 0.009375 0.0109375
0 0.7640625 0.8875 0.0109375 0.00625
0 0.9046875 0.665625 0.0171875 0.015625
0 0.9 0.6171875 0.0171875 0.0171875
0 0.878125 0.60625 0.015625 0.01875
0 0.85625 0.4765625 0.01875 0.0171875
0 0.60625 0.3421875 0.0140625 0.015625
0 0.6375 0.3375 0.015625 0.015625
0 0.690625 0.3390625 0.0171875 0.0171875
0 0.7265625 0.3578125 0.0171875 0.0140625
0 0.7484375 0.325 0.0125 0.0140625
0 0.7765625 0.3359375 0.0125 0.0125
0 0.7921875 0.30625 0.0140625 0.0140625
0 0.8171875 0.2921875 0.009375 0.0125
0 0.85625 0.30625 0.0140625 0.0171875
0 0.8484375 0.325 0.0109375 0.0140625
0 0.8359375 0.2515625 0.0140625 0.015625
0 0.7859375 0.23125 0.0140625 0.0171875
0 0.7984375 0.190625 0.01875 0.015625
0 0.6875 0.265625 0.0109375 0.0109375
0 0.634375 0.296875 0.0171875 0.0125
0 0.63125 0.275 0.0171875 0.0140625
0 0.6265625 0.259375 0.01875 0.0140625
0 0.6765625 0.1890625 0.0203125 0.01875
0 0.6734375 0.1640625 0.0140625 0.0140625
0 0.7078125 0.165625 0.0203125 0.0125
0 0.746875 0.140625 0.01875 0.0140625
0 0.6453125 0.115625 0.0203125 0.01875
0 0.55 0.1015625 0.01875 0.0171875
0 0.5484375 0.1421875 0.0171875 0.01875
0 0.5203125 0.1578125 0.0109375 0.0140625
0 0.4296875 0.1515625 0.0140625 0.015625
0 0.1703125 0.6 0.015625 0.01875
0 0.178125 0.7359375 0.009375 0.0125
0 0.4171875 0.1171875 0.0125 0.0125
0 0.3859375 0.153125 0.00625 0.009375
0 0.353125 0.0828125 0.0078125 0.00625
0 0.0859375 0.665625 0.0125 0.0078125