0 0.1140625 0.2859375 0.0125 0.0125
0 0.2421875 0.2375 0.015625 0.0140625
0 0.28125 0.25 0.0125 0.009375
0 0.240625 0.271875 0.0125 0.0109375
0 0.215625 0.278125 0.0109375 0.0125
0 0.16875 0.346875 0.0109375 0.0140625
0 0.1609375 0.3640625 0.0078125 0.009375
0 0.225 0.35 0.0109375 0.0109375
0 0.2515625 0.3609375 0.009375 0.0109375
0 0.31875 0.296875 0.0125 0.0171875
0 0.33125 0.1265625 0.0125 0.0109375
0 0.2234375 0.14375 0.009375 0.0125
0 0.36875 0.09375 0.0125 0.0109375
0 0.3546875 0.13125 0.00625 0.0078125
0 0.365625 0.1359375 0.009375 0.009375
0 0.4 0.1234375 0.0109375 0.0140625
0 0.415625 0.1609375 0.009375 0.0109375
0 0.43125 0.20625 0.0078125 0.0125
0 0.4046875 0.240625 0.0109375 0.0140625
0 0.3859375 0.2671875 0.0125 0.0125
0 0.371875 0.278125 0.0078125 0.0078125
0 0.3609375 0.2921875 0.009375 0.0125
0 0.403125 0.309375 0.0203125 0.0125
0 0.0625 0.4578125 0.0125 0.0140625
0 0.1171875 0.5109375 0.0109375 0.0125
0 0.1734375 0.4765625 0.009375 0.009375
0 0.2375 0.4296875 0.0109375 0.0109375
0 0.303125 0.403125 0.009375 0.0109375
0 0.3265625 0.4359375 0.0078125 0.009375
0 0.328125 0.465625 0.00625 0.0109375
0 0.30625 0.4828125 0.009375 0.009375
0 0.20625 0.4703125 0.0046875 0.0078125
0 0.1984375 0.4859375 0.0109375 0.0078125
0 0.225 0.490625 0.009375 0.0078125
0 0.275 0.5109375 0.009375 0.0109375
0 0.240625 0.5296875 0.009375 0.0078125
0 0.2203125 0.559375 0.0109375 0.009375
0 0.1625 0.53125 0.0078125 0.0125
0 0.2421875 0.60625 0.0078125 0.0109375
0 0.25 0.6390625 0.0078125 0.0140625
0 0.2109375 0.6515625 0.0109375 0.0125
0 0.1203125 0.6296875 0.009375 0.009375
0 0.0796875 0.6078125 0.0125 0.0109375
0 0.315625 0.5171875 0.00625 0.0078125
0 0.3140625 0.5625 0.0078125 0.0078125
0 0.3921875 0.5125 0.009375 0.0078125
0 0.3578125 0.56875 0.0109375 0.009375
0 0.3796875 0.5890625 0.0125 0.0109375
0 0.396875 0.609375 0.0078125 0.0125
0 0.44375 0.6 0.0046875 0.0078125
0 0.475 0.6171875 0.0078125 0.0078125
0 0.484375 0.621875 0.009375 0.0078125
0 0.4390625 0.4828125 0.009375 0.0078125
0 0.453125 0.4859375 0.009375 0.0078125
0 0.4859375 0.5359375 0.009375 0.0109375
0 0.509375 0.53125 0.009375 0.0109375
0 0.521875 0.5203125 0.00625 0.0109375
0 0.509375 0.475 0.0109375 0.009375
0 0.496875 0.43125 0.0046875 0.0078125
0 0.490625 0.390625 0.0078125 0.0109375
0 0.5046875 0.3765625 0.0140625 0.0125
0 0.5390625 0.3640625 0.00625 0.009375
0 0.5359375 0.375 0.0078125 0.009375
0 0.5578125 0.3640625 0.009375 0.0109375
0 0.55625 0.3375 0.0109375 0.0109375
0 0.5640625 0.38125 0.0078125 0.009375
0 0.5671875 0.3984375 0.0078125 0.0109375
0 0.5546875 0.4265625 0.00625 0.0109375
0 0.565625 0.4828125 0.009375 0.0140625
0 0.5796875 0.53125 0.0078125 0.0109375
0 0.571875 0.578125 0.0078125 0.0125
0 0.5921875 0.609375 0.0078125 0.0109375
0 0.6234375 0.621875 0.0109375 0.009375
0 0.6296875 0.575 0.0109375 0.0140625
0 0.6359375 0.5671875 0.009375 0.0125
0 0.6640625 0.56875 0.009375 0.0109375
0 0.615625 0.540625 0.0109375 0.0125
0 0.6328125 0.503125 0.009375 0.009375
0 0.6375 0.5234375 0.009375 0.00625
0 0.665625 0.4921875 0.0125 0.0140625
0 0.7046875 0.4921875 0.0109375 0.009375
0 0.6296875 0.4140625 0.0171875 0.0140625
0 0.628125 0.390625 0.0078125 0.0125
0 0.6828125 0.44375 0.009375 0.0109375
0 0.6765625 0.3609375 0.0109375 0.0140625
0 0.5296875 0.240625 0.0109375 0.0140625
0 0.540625 0.2875 0.0125 0.015625
0 0.571875 0.2703125 0.015625 0.0140625
0 0.5890625 0.303125 0.009375 0.0125
0 0.609375 0.2546875 0.009375 0.009375
0 0.64375 0.2640625 0.0125 0.0140625
0 0.7078125 0.25625 0.0140625 0.0171875
0 0.5328125 0.0671875 0.0078125 0.0078125
0 0.515625 0.18125 0.009375 0.015625
0 0.5765625 0.1703125 0.009375 0.015625
0 0.6140625 0.1953125 0.0125 0.009375
0 0.64375 0.1984375 0.0109375 0.0125
0 0.66875 0.1359375 0.0109375 0.015625
0 0.7640625 0.2203125 0.0109375 0.0140625
0 0.7390625 0.2921875 0.0109375 0.009375
0 0.7640625 0.3 0.0078125 0.009375
0 0.7828125 0.2921875 0.0078125 0.0109375
0 0.8515625 0.28125 0.0109375 0.0125
0 0.80625 0.34375 0.0109375 0.0125
0 0.74375 0.375 0.0140625 0.015625
0 0.728125 0.4828125 0.009375 0.0078125
0 0.7484375 0.553125 0.009375 0.0109375
0 0.7390625 0.5609375 0.0125 0.0125
0 0.7953125 0.4875 0.0078125 0.015625
0 0.80625 0.475 0.009375 0.009375
0 0.821875 0.4671875 0.0078125 0.0109375
0 0.840625 0.46875 0.0125 0.0140625
0 0.8921875 0.49375 0.0109375 0.0125
0 0.9015625 0.5109375 0.0078125 0.009375
0 0.9421875 0.5046875 0.009375 0.0125
0 0.8140625 0.5359375 0.009375 0.009375
0 0.803125 0.5546875 0.0109375 0.0109375
0 0.7953125 0.5671875 0.00625 0.00625
0 0.78125 0.571875 0.0109375 0.0125
0 0.8 0.6125 0.0078125 0.015625
0 0.7703125 0.628125 0.009375 0.0109375
0 0.8703125 0.6140625 0.0125 0.0125
0 0.825 0.6296875 0.009375 0.009375
0 0.815625 0.6390625 0.0125 0.0125
0 0.8640625 0.659375 0.0171875 0.0140625
0 0.9203125 0.6421875 0.009375 0.015625
0 0.2796875 0.646875 0.0109375 0.0109375
0 0.125 0.7078125 0.015625 0.0078125
0 0.165625 0.71875 0.0140625 0.0109375
0 0.2734375 0.715625 0.0125 0.0125
0 0.2828125 0.7328125 0.00625 0.0078125
0 0.284375 0.7875 0.0125 0.0125
0 0.2359375 0.7984375 0.0171875 0.0140625
0 0.3296875 0.825 0.0140625 0.015625
0 0.3828125 0.825 0.0109375 0.0125
0 0.3859375 0.740625 0.0109375 0.009375
0 0.3859375 0.7640625 0.0125 0.009375
0 0.4046875 0.7578125 0.009375 0.0125
0 0.3953125 0.7859375 0.009375 0.0078125
0 0.4109375 0.7859375 0.009375 0.0109375
0 0.440625 0.815625 0.0125 0.0125
0 0.465625 0.8296875 0.0109375 0.009375
0 0.496875 0.8046875 0.009375 0.0109375
0 0.51875 0.809375 0.009375 0.0109375
0 0.5 0.815625 0.0109375 0.009375
0 0.509375 0.8171875 0.00625 0.0078125
0 0.5171875 0.8203125 0.0078125 0.0078125
0 0.4734375 0.7515625 0.009375 0.009375
0 0.46875 0.7625 0.0125 0.00625
0 0.4765625 0.771875 0.009375 0.0109375
0 0.4875 0.775 0.0109375 0.0078125
0 0.521875 0.734375 0.015625 0.015625
0 0.4171875 0.684375 0.0078125 0.00625
0 0.4359375 0.709375 0.0109375 0.0109375
0 0.440625 0.69375 0.0109375 0.009375
0 0.4375 0.68125 0.0078125 0.009375
0 0.45 0.675 0.00625 0.0078125
0 0.4578125 0.675 0.00625 0.009375
0 0.346875 0.865625 0.0140625 0.0140625
0 0.3171875 0.878125 0.0109375 0.0140625
0 0.3671875 0.928125 0.009375 0.0109375
0 0.4109375 0.896875 0.015625 0.0140625
0 0.4265625 0.871875 0.0109375 0.0109375
0 0.44375 0.884375 0.0125 0.0125
0 0.5625 0.8734375 0.0125 0.0140625
0 0.546875 0.9015625 0.0140625 0.0171875
0 0.51875 0.9296875 0.0140625 0.0109375
0 0.6171875 0.8359375 0.0109375 0.0109375
0 0.61875 0.8546875 0.0140625 0.009375
0 0.6171875 0.8828125 0.0140625 0.0125
0 0.678125 0.8984375 0.015625 0.015625
0 0.54375 0.95 0.0125 0.0109375
0 0.5375 0.646875 0.0140625 0.0109375
0 0.5515625 0.640625 0.009375 0.0125
0 0.659375 0.6390625 0.0109375 0.009375
0 0.6875 0.640625 0.0046875 0.0109375
0 0.7015625 0.6421875 0.0078125 0.0109375
0 0.678125 0.6578125 0.0078125 0.009375
0 0.6875 0.6671875 0.0109375 0.0125
0 0.6671875 0.665625 0.009375 0.009375
0 0.70625 0.6796875 0.0109375 0.009375
0 0.7125 0.69375 0.0125 0.0125
0 0.640625 0.7484375 0.0125 0.015625
0 0.7125 0.7734375 0.0171875 0.01875
0 0.746875 0.796875 0.0140625 0.0140625
0 0.7453125 0.8125 0.009375 0.0078125
0 0.790625 0.8046875 0.015625 0.0125
0 0.828125 0.753125 0.0125 0.0125
0 0.840625 0.7671875 0.0109375 0.0109375
0 0.8421875 0.684375 0.0125 0.0125
0 0.8609375 0.7171875 0.0125 0.0125
0 0.8921875 0.70625 0.015625 0.015625
0 0.434375 0.1875 0.009375 0.0078125
0 0.5875 0.2203125 0.0109375 0.0109375
0 0.3609375 0.0765625 0.009375 0.0109375
0 0.2125 0.14375 0.0078125 0.0078125
0 0.7828125 0.8640625 0.009375 0.009375
0 0.821875 0.81875 0.00625 0.0078125
0 0.890625 0.7265625 0.00625 0.009375
0 0.9 0.734375 0.0078125 0.009375
0 0.940625 0.6390625 0.0109375 0.0125
0 0.9421875 0.5953125 0.0078125 0.0125