0 0.3484375 0.078125 0.021875 0.021875
0 0.50625 0.05625 0.0203125 0.021875
0 0.4 0.3078125 0.021875 0.021875
0 0.3609375 0.3078125 0.0203125 0.021875
0 0.434375 0.4640625 0.0203125 0.01875
0 0.425 0.5375 0.01875 0.0203125
0 0.4625 0.55 0.0296875 0.0234375
0 0.40625 0.625 0.0234375 0.021875
0 0.54375 0.434375 0.021875 0.025
0 0.596875 0.353125 0.01875 0.021875
0 0.6078125 0.2765625 0.0234375 0.025
0 0.603125 0.2390625 0.0234375 0.0234375
0 0.8046875 0.1921875 0.0234375 0.021875
0 0.6765625 0.3484375 0.021875 0.0265625
0 0.8484375 0.390625 0.01875 0.0234375
0 0.6375 0.46875 0.01875 0.0203125
0 0.659375 0.5203125 0.015625 0.021875
0 0.6390625 0.53125 0.0171875 0.0171875
0 0.6046875 0.61875 0.0171875 0.0171875
0 0.63125 0.6359375 0.0203125 0.021875
0 0.6078125 0.55625 0.015625 0.01875
0 0.6296875 0.56875 0.015625 0.0171875
0 0.61875 0.5625 0.0109375 0.0125
0 0.625 0.5515625 0.0140625 0.0140625
0 0.753125 0.646875 0.0171875 0.01875
0 0.725 0.684375 0.0171875 0.01875
0 0.6828125 0.6921875 0.0140625 0.015625
0 0.6765625 0.703125 0.015625 0.0140625
0 0.8625 0.6640625 0.0234375 0.021875
0 0.7796875 0.7453125 0.0203125 0.0234375
0 0.6640625 0.7515625 0.0171875 0.0203125
0 0.671875 0.771875 0.015625 0.01875
0 0.8265625 0.7921875 0.009375 0.0140625
0 0.834375 0.7953125 0.0109375 0.0171875
0 0.6453125 0.846875 0.015625 0.0171875
0 0.5703125 0.884375 0.0140625 0.015625
0 0.58125 0.8953125 0.0171875 0.015625
0 0.5375 0.740625 0.0203125 0.0203125
0 0.45 0.775 0.01875 0.0203125
0 0.2984375 0.734375 0.01875 0.01875
0 0.2765625 0.8171875 0.0140625 0.0203125
0 0.3171875 0.8953125 0.0203125 0.01875
0 0.3921875 0.9296875 0.0171875 0.0203125
0 0.096875 0.6421875 0.0234375 0.025
0 0.0765625 0.496875 0.0203125 0.01875
0 0.0515625 0.4484375 0.0203125 0.0203125