0 0.24375 0.2140625 0.0203125 0.0203125
0 0.5921875 0.246875 0.0203125 0.0203125
0 0.590625 0.303125 0.0203125 0.021875
0 0.5375 0.3703125 0.0265625 0.0203125
0 0.4390625 0.0921875 0.01875 0.01875
0 0.4765625 0.0578125 0.0234375 0.021875
0 0.534375 0.0625 0.0203125 0.021875
0 0.6859375 0.1109375 0.0265625 0.0234375
0 0.8015625 0.278125 0.0203125 0.021875
0 0.7328125 0.41875 0.01875 0.025
0 0.6578125 0.425 0.0265625 0.0234375
0 0.8484375 0.4171875 0.0296875 0.0234375
0 0.746875 0.5671875 0.0171875 0.025
0 0.7515625 0.60625 0.01875 0.025
0 0.7796875 0.59375 0.0265625 0.028125
0 0.696875 0.6484375 0.0234375 0.025
0 0.640625 0.4671875 0.0234375 0.0234375
0 0.6265625 0.5671875 0.0203125 0.021875
0 0.6015625 0.6875 0.0171875 0.0203125
0 0.5828125 0.6953125 0.0171875 0.0140625
0 0.4328125 0.46875 0.021875 0.0234375
0 0.4140625 0.4703125 0.01875 0.015625
0 0.4421875 0.5171875 0.0203125 0.0171875
0 0.4875 0.5265625 0.0203125 0.0203125
0 0.4984375 0.5515625 0.0234375 0.0171875
0 0.50625 0.5625 0.0171875 0.0171875
0 0.4625 0.578125 0.0171875 0.0234375
0 0.44375 0.5578125 0.0203125 0.01875
0 0.4421875 0.5765625 0.0171875 0.0203125
0 0.3875 0.6078125 0.01875 0.0203125
0 0.359375 0.6140625 0.0203125 0.021875
0 0.3203125 0.559375 0.0203125 0.0203125
0 0.3046875 0.60625 0.01875 0.0203125
0 0.321875 0.6234375 0.0203125 0.025
0 0.446875 0.7 0.025 0.0234375
0 0.3859375 0.359375 0.01875 0.01875
0 0.384375 0.396875 0.0234375 0.0203125
0 0.3609375 0.371875 0.0140625 0.0140625
0 0.3578125 0.4015625 0.025 0.025
0 0.3640625 0.071875 0.0171875 0.0203125
0 0.1859375 0.4421875 0.01875 0.025
0 0.1453125 0.39375 0.01875 0.021875
0 0.096875 0.334375 0.0203125 0.0234375
0 0.1109375 0.43125 0.0171875 0.0203125
0 0.0453125 0.4828125 0.0171875 0.0171875
0 0.0609375 0.5078125 0.0171875 0.0203125
0 0.059375 0.5765625 0.015625 0.0203125
0 0.10625 0.6015625 0.015625 0.015625
0 0.1109375 0.6140625 0.015625 0.015625
0 0.0765625 0.6625 0.01875 0.01875
0 0.2828125 0.6125 0.015625 0.0171875
0 0.21875 0.809375 0.0234375 0.0203125
0 0.2421875 0.83125 0.0171875 0.0171875
0 0.296875 0.821875 0.01875 0.01875
0 0.353125 0.74375 0.021875 0.0234375
0 0.415625 0.7578125 0.01875 0.0234375
0 0.415625 0.9625 0.021875 0.0203125
0 0.6109375 0.915625 0.021875 0.01875
0 0.6390625 0.88125 0.01875 0.0265625
0 0.60625 0.821875 0.0234375 0.025
0 0.615625 0.759375 0.021875 0.021875
0 0.5609375 0.7984375 0.0203125 0.021875
0 0.540625 0.815625 0.01875 0.021875
0 0.5453125 0.7546875 0.0390625 0.03125
0 0.703125 0.74375 0.021875 0.0234375
0 0.753125 0.7953125 0.01875 0.01875
0 0.7921875 0.7875 0.0234375 0.021875