0 0.34375 0.2626953125 0.34375 0.2685546875 0.3466796875 0.271484375 0.353515625 0.2705078125 0.3525390625 0.26171875 0.34375 0.2626953125
0 0.455078125 0.0751953125 0.45703125 0.0693359375 0.4541015625 0.06640625 0.4482421875 0.06640625 0.4453125 0.0712890625 0.447265625 0.0751953125 0.455078125 0.0751953125
0 0.513671875 0.4228515625 0.515625 0.4169921875 0.5126953125 0.4140625 0.5068359375 0.4140625 0.50390625 0.4189453125 0.505859375 0.4228515625 0.513671875 0.4228515625
0 0.5634765625 0.400390625 0.560546875 0.4072265625 0.5634765625 0.41015625 0.568359375 0.4091796875 0.5703125 0.4033203125 0.5634765625 0.400390625
0 0.603515625 0.4228515625 0.60546875 0.4130859375 0.5986328125 0.412109375 0.595703125 0.4150390625 0.595703125 0.4208984375 0.5986328125 0.423828125 0.603515625 0.4228515625
0 0.712890625 0.3232421875 0.716796875 0.3193359375 0.716796875 0.3154296875 0.7099609375 0.3125 0.705078125 0.3193359375 0.7099609375 0.32421875 0.712890625 0.3232421875
0 0.779296875 0.2841796875 0.7841796875 0.2890625 0.787109375 0.2880859375 0.791015625 0.2841796875 0.791015625 0.2802734375 0.7880859375 0.27734375 0.7822265625 0.27734375 0.779296875 0.2841796875
0 0.76953125 0.3681640625 0.7685546875 0.361328125 0.76171875 0.3623046875 0.7626953125 0.369140625 0.76953125 0.3681640625
0 0.5595703125 0.5859375 0.5546875 0.5927734375 0.5576171875 0.59765625 0.564453125 0.5966796875 0.56640625 0.5908203125 0.5595703125 0.5859375
0 0.68359375 0.6201171875 0.685546875 0.6142578125 0.6826171875 0.611328125 0.6767578125 0.611328125 0.673828125 0.6142578125 0.6767578125 0.62109375 0.68359375 0.6201171875
0 0.8486328125 0.6171875 0.845703125 0.6240234375 0.8486328125 0.626953125 0.853515625 0.6259765625 0.85546875 0.6181640625 0.8486328125 0.6171875
0 0.4287109375 0.95703125 0.419921875 0.9580078125 0.4228515625 0.96484375 0.4296875 0.9638671875 0.431640625 0.9599609375 0.4287109375 0.95703125