0 0.1359375 0.3046875 0.0140625 0.015625
0 0.3046875 0.38125 0.0140625 0.0140625
0 0.23125 0.5671875 0.015625 0.0140625
0 0.2890625 0.7375 0.01875 0.021875
0 0.46875 0.646875 0.0171875 0.0203125
0 0.478125 0.4828125 0.021875 0.01875
0 0.384375 0.2203125 0.0140625 0.015625
0 0.59375 0.4234375 0.015625 0.015625
0 0.6953125 0.434375 0.009375 0.0125
0 0.6734375 0.4765625 0.0109375 0.0140625
0 0.653125 0.4875 0.0125 0.0125
0 0.646875 0.5171875 0.015625 0.0171875
0 0.60625 0.5703125 0.0125 0.0171875
0 0.6546875 0.603125 0.0125 0.0140625
0 0.7125 0.646875 0.0125 0.0140625
0 0.7671875 0.6 0.0109375 0.0203125
0 0.6265625 0.6984375 0.0171875 0.01875
0 0.690625 0.2078125 0.015625 0.0171875
0 0.80625 0.6703125 0.015625 0.0125
0 0.884375 0.5625 0.0109375 0.0125
0 0.9140625 0.56875 0.0140625 0.015625
0 0.5375 0.828125 0.0140625 0.01875
0 0.534375 0.05625 0.0109375 0.0125
0 0.065625 0.575 0.0109375 0.0109375
0 0.0515625 0.484375 0.0125 0.0140625
0 0.7578125 0.896875 0.009375 0.0078125