0 0.203125 0.2625 0.015625 0.01875
0 0.3046875 0.4640625 0.015625 0.01875
0 0.421875 0.4375 0.0203125 0.0203125
0 0.58125 0.25 0.01875 0.0203125
0 0.6546875 0.33125 0.0171875 0.021875
0 0.6125 0.3890625 0.0140625 0.0203125
0 0.5921875 0.440625 0.01875 0.0265625
0 0.540625 0.584375 0.0125 0.01875
0 0.6484375 0.60625 0.021875 0.01875
0 0.7828125 0.609375 0.0203125 0.0171875
0 0.5921875 0.653125 0.015625 0.021875
0 0.4515625 0.8578125 0.0203125 0.021875
0 0.484375 0.8609375 0.0203125 0.01875
0 0.71875 0.834375 0.0140625 0.015625
0 0.759375 0.8296875 0.0140625 0.0171875
0 0.7265625 0.8625 0.0125 0.0125
0 0.809375 0.721875 0.01875 0.015625