0 0.20625 0.8359375 0.015625 0.0203125
0 0.44375 0.9453125 0.015625 0.0140625
0 0.7890625 0.7203125 0.0203125 0.01875
0 0.771875 0.51875 0.021875 0.0203125
0 0.6765625 0.5546875 0.021875 0.0171875
0 0.55625 0.553125 0.0140625 0.0140625
0 0.6015625 0.5234375 0.009375 0.009375
0 0.6921875 0.4375 0.0109375 0.00625
0 0.8765625 0.378125 0.003125 0.0046875
0 0.8703125 0.421875 0.009375 0.00625
0 0.80625 0.271875 0.0078125 0.0078125
0 0.79375 0.19375 0.01875 0.0140625
0 0.9109375 0.3375 0.00625 0.0078125
0 0.396875 0.2234375 0.015625 0.0140625
0 0.334375 0.2484375 0.0125 0.0140625
0 0.21875 0.1921875 0.015625 0.0140625
0 0.3453125 0.390625 0.01875 0.0171875
0 0.4359375 0.4328125 0.015625 0.015625
0 0.565625 0.428125 0.015625 0.015625
0 0.5765625 0.396875 0.0140625 0.0140625
0 0.596875 0.375 0.0140625 0.0140625
0 0.6734375 0.3890625 0.015625 0.015625
0 0.6375 0.309375 0.0140625 0.0140625