0 0.3359375 0.0953125 0.0125 0.0125
0 0.2578125 0.1421875 0.0125 0.0125
0 0.3015625 0.14375 0.00625 0.00625
0 0.325 0.1578125 0.0125 0.0109375
0 0.3171875 0.1734375 0.0109375 0.0109375
0 0.3859375 0.140625 0.0109375 0.0125
0 0.2734375 0.2140625 0.0125 0.0140625
0 0.3234375 0.209375 0.009375 0.00625
0 0.1390625 0.2359375 0.0140625 0.015625
0 0.1375 0.2921875 0.0125 0.0140625
0 0.140625 0.3203125 0.009375 0.0109375
0 0.15625 0.321875 0.015625 0.015625
0 0.1859375 0.3609375 0.0078125 0.0125
0 0.203125 0.3796875 0.0140625 0.0140625
0 0.2625 0.359375 0.009375 0.0125
0 0.340625 0.2765625 0.0140625 0.0125
0 0.35 0.315625 0.0125 0.0140625
0 0.34375 0.340625 0.0109375 0.0078125
0 0.3640625 0.346875 0.0125 0.009375
0 0.4046875 0.35 0.0078125 0.0078125
0 0.340625 0.38125 0.0109375 0.0109375
0 0.390625 0.3859375 0.0109375 0.0125
0 0.315625 0.409375 0.0109375 0.0125
0 0.359375 0.428125 0.0109375 0.0109375
0 0.3078125 0.434375 0.009375 0.0140625
0 0.11875 0.3890625 0.0125 0.0125
0 0.14375 0.4015625 0.0109375 0.0140625
0 0.1140625 0.4234375 0.0125 0.0140625
0 0.1234375 0.465625 0.0125 0.0140625
0 0.171875 0.471875 0.015625 0.0140625
0 0.1890625 0.475 0.0140625 0.0140625
0 0.215625 0.4671875 0.0140625 0.0140625
0 0.1875 0.509375 0.0125 0.0125
0 0.053125 0.4359375 0.0140625 0.0109375
0 0.0640625 0.46875 0.009375 0.0125
0 0.0515625 0.46875 0.0078125 0.0125
0 0.0515625 0.51875 0.009375 0.015625
0 0.0625 0.546875 0.0125 0.0125
0 0.2859375 0.465625 0.0140625 0.0140625
0 0.3125 0.4828125 0.0140625 0.0125
0 0.278125 0.5140625 0.015625 0.0171875
0 0.259375 0.5546875 0.0125 0.0140625
0 0.409375 0.46875 0.0125 0.0140625
0 0.403125 0.5234375 0.009375 0.0109375
0 0.4203125 0.5328125 0.009375 0.009375
0 0.4140625 0.559375 0.015625 0.015625
0 0.403125 0.5875 0.0140625 0.015625
0 0.334375 0.5921875 0.0125 0.009375
0 0.3078125 0.6015625 0.0078125 0.009375
0 0.296875 0.6046875 0.009375 0.0078125
0 0.234375 0.5921875 0.0125 0.0140625
0 0.246875 0.6046875 0.009375 0.0125
0 0.0703125 0.6046875 0.0140625 0.0125
0 0.0671875 0.625 0.0140625 0.0109375
0 0.08125 0.6703125 0.0125 0.009375
0 0.2125 0.6375 0.0109375 0.0125
0 0.165625 0.671875 0.0140625 0.015625
0 0.190625 0.6625 0.0078125 0.0078125
0 0.2359375 0.6640625 0.0109375 0.0125
0 0.2484375 0.6671875 0.0109375 0.0109375
0 0.2890625 0.6375 0.009375 0.0125
0 0.3234375 0.628125 0.0078125 0.009375
0 0.3359375 0.6203125 0.0109375 0.0109375
0 0.3515625 0.609375 0.0125 0.0109375
0 0.378125 0.61875 0.0125 0.0140625
0 0.340625 0.6421875 0.009375 0.0109375
0 0.346875 0.653125 0.0140625 0.0140625
0 0.2859375 0.7203125 0.015625 0.0125
0 0.3703125 0.696875 0.0125 0.0125
0 0.4046875 0.68125 0.0109375 0.009375
0 0.4265625 0.6921875 0.0109375 0.009375
0 0.396875 0.7046875 0.0125 0.0125
0 0.346875 0.725 0.009375 0.0140625
0 0.3328125 0.7328125 0.009375 0.009375
0 0.321875 0.7515625 0.0109375 0.0125
0 0.303125 0.7578125 0.0140625 0.015625
0 0.28125 0.796875 0.009375 0.0140625
0 0.2359375 0.803125 0.0078125 0.0140625
0 0.2484375 0.878125 0.009375 0.0109375
0 0.3390625 0.7859375 0.009375 0.0109375
0 0.371875 0.7375 0.009375 0.009375
0 0.3921875 0.7671875 0.0140625 0.0125
0 0.409375 0.790625 0.0140625 0.009375
0 0.3546875 0.8234375 0.0125 0.0109375
0 0.3328125 0.8359375 0.0125 0.0109375
0 0.328125 0.8578125 0.00625 0.009375
0 0.3 0.8859375 0.0109375 0.0109375
0 0.3046875 0.8984375 0.009375 0.0109375
0 0.2734375 0.8921875 0.0109375 0.0078125
0 0.2703125 0.896875 0.009375 0.0078125
0 0.2875 0.9046875 0.00625 0.0078125
0 0.3453125 0.9265625 0.009375 0.009375
0 0.378125 0.84375 0.009375 0.009375
0 0.384375 0.884375 0.0078125 0.009375
0 0.4 0.88125 0.0078125 0.0125
0 0.4421875 0.625 0.015625 0.015625
0 0.4703125 0.6859375 0.0078125 0.0140625
0 0.475 0.696875 0.00625 0.0078125
0 0.465625 0.696875 0.0046875 0.009375
0 0.4734375 0.7171875 0.009375 0.0078125
0 0.465625 0.725 0.00625 0.00625
0 0.4765625 0.7609375 0.009375 0.0078125
0 0.46875 0.76875 0.0078125 0.0109375
0 0.4578125 0.790625 0.00625 0.0078125
0 0.4546875 0.8015625 0.00625 0.0078125
0 0.4625 0.8078125 0.009375 0.009375
0 0.4625 0.825 0.0078125 0.009375
0 0.453125 0.846875 0.009375 0.0140625
0 0.4703125 0.853125 0.009375 0.009375
0 0.5078125 0.88125 0.009375 0.0109375
0 0.4875 0.9046875 0.009375 0.009375
0 0.509375 0.9078125 0.0125 0.0125
0 0.4765625 0.925 0.009375 0.0109375
0 0.4796875 0.9359375 0.0078125 0.00625
0 0.453125 0.9578125 0.0109375 0.0125
0 0.46875 0.9640625 0.0046875 0.009375
0 0.553125 0.846875 0.0109375 0.0109375
0 0.5890625 0.88125 0.0109375 0.0125
0 0.628125 0.8890625 0.0109375 0.0125
0 0.5765625 0.8546875 0.0078125 0.0109375
0 0.5828125 0.8515625 0.0078125 0.0078125
0 0.5515625 0.7875 0.009375 0.0109375
0 0.5515625 0.76875 0.009375 0.0125
0 0.5109375 0.7921875 0.0078125 0.009375
0 0.5296875 0.73125 0.003125 0.0078125
0 0.5171875 0.69375 0.0125 0.0125
0 0.559375 0.7078125 0.009375 0.0109375
0 0.6140625 0.796875 0.009375 0.0109375
0 0.6328125 0.790625 0.0125 0.0109375
0 0.68125 0.8015625 0.0109375 0.0125
0 0.6890625 0.828125 0.0125 0.0140625
0 0.6875 0.846875 0.0125 0.0140625
0 0.7078125 0.771875 0.009375 0.0140625
0 0.74375 0.8015625 0.0109375 0.0109375
0 0.778125 0.80625 0.0109375 0.0109375
0 0.79375 0.7984375 0.009375 0.0125
0 0.796875 0.8375 0.0078125 0.0109375
0 0.7765625 0.8703125 0.0078125 0.0078125
0 0.6203125 0.6953125 0.0109375 0.0109375
0 0.6734375 0.7046875 0.0140625 0.009375
0 0.6953125 0.7375 0.0109375 0.0109375
0 0.715625 0.721875 0.0078125 0.009375
0 0.728125 0.7296875 0.009375 0.0109375
0 0.715625 0.678125 0.0078125 0.0125
0 0.7328125 0.684375 0.00625 0.0078125
0 0.7328125 0.6953125 0.009375 0.009375
0 0.7390625 0.653125 0.009375 0.0109375
0 0.646875 0.65 0.0109375 0.0125
0 0.634375 0.6671875 0.0109375 0.00625
0 0.621875 0.659375 0.009375 0.009375
0 0.5890625 0.646875 0.009375 0.009375
0 0.5421875 0.6515625 0.0125 0.01875
0 0.821875 0.7671875 0.0109375 0.009375
0 0.825 0.7828125 0.0078125 0.0109375
0 0.825 0.8125 0.0078125 0.009375
0 0.8328125 0.703125 0.0109375 0.009375
0 0.7875 0.659375 0.0078125 0.0109375
0 0.803125 0.6734375 0.009375 0.0125
0 0.8734375 0.7015625 0.0109375 0.0109375
0 0.8875 0.7109375 0.0125 0.0125
0 0.8703125 0.6375 0.0140625 0.0109375
0 0.8609375 0.5953125 0.0109375 0.0109375
0 0.896875 0.634375 0.015625 0.0171875
0 0.91875 0.575 0.0125 0.0109375
0 0.9328125 0.5890625 0.0140625 0.0109375
0 0.8921875 0.5515625 0.0140625 0.0140625
0 0.915625 0.51875 0.015625 0.015625
0 0.7375 0.5671875 0.0140625 0.0125
0 0.7078125 0.5765625 0.009375 0.015625
0 0.6953125 0.5375 0.0140625 0.0125
0 0.675 0.5671875 0.009375 0.009375
0 0.6609375 0.5671875 0.009375 0.009375
0 0.6671875 0.5875 0.0109375 0.0125
0 0.6390625 0.6015625 0.0125 0.009375
0 0.625 0.5765625 0.009375 0.009375
0 0.59375 0.6015625 0.0140625 0.0125
0 0.5640625 0.5734375 0.0125 0.009375
0 0.5421875 0.5828125 0.0171875 0.0125
0 0.5390625 0.59375 0.0125 0.009375
0 0.46875 0.546875 0.0125 0.0125
0 0.4859375 0.5296875 0.0171875 0.015625
0 0.5875 0.50625 0.0078125 0.009375
0 0.584375 0.521875 0.0125 0.009375
0 0.6 0.5328125 0.0109375 0.0109375
0 0.63125 0.528125 0.0125 0.0140625
0 0.421875 0.4796875 0.0109375 0.0109375
0 0.4984375 0.4796875 0.0109375 0.0125
0 0.5140625 0.4859375 0.009375 0.0125
0 0.5171875 0.5 0.0078125 0.0109375
0 0.5171875 0.4671875 0.0125 0.0109375
0 0.51875 0.4375 0.0125 0.0140625
0 0.5640625 0.4828125 0.0125 0.009375
0 0.5796875 0.46875 0.0125 0.015625
0 0.6671875 0.5015625 0.0125 0.0125
0 0.6765625 0.484375 0.0125 0.0171875
0 0.6609375 0.4625 0.0140625 0.0171875
0 0.6828125 0.459375 0.0078125 0.009375
0 0.7671875 0.4421875 0.015625 0.0171875
0 0.7765625 0.428125 0.0125 0.0171875
0 0.7921875 0.446875 0.0125 0.015625
0 0.790625 0.46875 0.0125 0.01875
0 0.8359375 0.4734375 0.015625 0.0171875
0 0.765625 0.478125 0.0046875 0.0078125
0 0.8640625 0.409375 0.015625 0.015625
0 0.7171875 0.40625 0.009375 0.0125
0 0.6515625 0.3734375 0.0171875 0.0171875
0 0.6484375 0.3296875 0.0125 0.0171875
0 0.603125 0.328125 0.0140625 0.0140625
0 0.615625 0.3359375 0.0125 0.0140625
0 0.528125 0.3921875 0.0171875 0.0171875
0 0.4453125 0.396875 0.0140625 0.0140625
0 0.4453125 0.3765625 0.0078125 0.00625
0 0.453125 0.3578125 0.0125 0.0109375
0 0.45625 0.3328125 0.0125 0.009375
0 0.4484375 0.3078125 0.0125 0.0078125
0 0.421875 0.284375 0.0140625 0.0078125
0 0.409375 0.26875 0.0171875 0.0125
0 0.390625 0.2796875 0.015625 0.009375
0 0.5328125 0.265625 0.0125 0.0125
0 0.525 0.3078125 0.0109375 0.0125
0 0.4609375 0.2875 0.0125 0.009375
0 0.46875 0.2765625 0.0125 0.0140625
0 0.44375 0.2328125 0.009375 0.0140625
0 0.4578125 0.2390625 0.0171875 0.0203125
0 0.553125 0.2203125 0.0171875 0.015625
0 0.4984375 0.165625 0.0109375 0.0140625
0 0.51875 0.1875 0.0171875 0.015625
0 0.55625 0.159375 0.0171875 0.0171875
0 0.6953125 0.146875 0.0109375 0.0078125
0 0.7453125 0.1515625 0.015625 0.015625
0 0.70625 0.2328125 0.015625 0.0140625
0 0.6921875 0.26875 0.0171875 0.015625
0 0.7734375 0.2328125 0.015625 0.015625
0 0.740625 0.2734375 0.015625 0.015625
0 0.753125 0.2875 0.015625 0.0140625
0 0.825 0.2375 0.0140625 0.0171875
0 0.8125 0.275 0.015625 0.0171875
0 0.8328125 0.2875 0.015625 0.015625
0 0.8625 0.296875 0.0203125 0.0140625
0 0.559375 0.246875 0.0109375 0.0140625
0 0.4640625 0.0828125 0.01875 0.015625
0 0.5140625 0.0703125 0.015625 0.0171875
0 0.571875 0.0859375 0.015625 0.015625
0 0.15625 0.8078125 0.00625 0.0078125
0 0.184375 0.83125 0.0109375 0.0125
0 0.2421875 0.896875 0.00625 0.009375
0 0.415625 0.95625 0.0078125 0.0078125
0 0.70625 0.103125 0.0078125 0.0109375