0 0.080078125 0.6650390625 0.080078125 0.6572265625 0.0771484375 0.654296875 0.0732421875 0.654296875 0.068359375 0.6591796875 0.0712890625 0.666015625 0.080078125 0.6650390625
0 0.1044921875 0.607421875 0.109375 0.6064453125 0.111328125 0.5986328125 0.1083984375 0.595703125 0.1025390625 0.595703125 0.099609375 0.5986328125 0.099609375 0.6044921875 0.1044921875 0.607421875
0 0.11328125 0.6103515625 0.1064453125 0.609375 0.10546875 0.6142578125 0.1083984375 0.6171875 0.111328125 0.6162109375 0.11328125 0.6103515625
0 0.060546875 0.5791015625 0.064453125 0.5732421875 0.0595703125 0.568359375 0.0546875 0.5712890625 0.0546875 0.5771484375 0.0576171875 0.580078125 0.060546875 0.5791015625
0 0.0625 0.5107421875 0.064453125 0.5029296875 0.0576171875 0.5 0.0546875 0.5029296875 0.0546875 0.5087890625 0.0576171875 0.51171875 0.0625 0.5107421875
0 0.0419921875 0.4765625 0.041015625 0.4853515625 0.048828125 0.4853515625 0.048828125 0.4794921875 0.0419921875 0.4765625
0 0.115234375 0.4267578125 0.1083984375 0.423828125 0.10546875 0.4306640625 0.1103515625 0.435546875 0.11328125 0.4345703125 0.115234375 0.4267578125
0 0.150390625 0.3935546875 0.1435546875 0.388671875 0.140625 0.3955078125 0.1435546875 0.3984375 0.146484375 0.3974609375 0.150390625 0.3935546875
0 0.091796875 0.3291015625 0.0927734375 0.337890625 0.1015625 0.3369140625 0.1005859375 0.328125 0.091796875 0.3291015625
0 0.189453125 0.4462890625 0.19140625 0.4423828125 0.189453125 0.4384765625 0.1845703125 0.4375 0.181640625 0.4404296875 0.181640625 0.4462890625 0.189453125 0.4462890625
0 0.22265625 0.8115234375 0.224609375 0.8056640625 0.2216796875 0.802734375 0.2158203125 0.802734375 0.212890625 0.8056640625 0.2158203125 0.8125 0.22265625 0.8115234375
0 0.244140625 0.8349609375 0.248046875 0.8291015625 0.2412109375 0.82421875 0.236328125 0.8271484375 0.236328125 0.8330078125 0.2412109375 0.8359375 0.244140625 0.8349609375
0 0.298828125 0.8251953125 0.30078125 0.8173828125 0.2939453125 0.814453125 0.291015625 0.8173828125 0.291015625 0.8232421875 0.2939453125 0.826171875 0.298828125 0.8251953125
0 0.3525390625 0.75 0.357421875 0.7490234375 0.359375 0.7412109375 0.3564453125 0.73828125 0.3505859375 0.73828125 0.34765625 0.7412109375 0.34765625 0.7470703125 0.3525390625 0.75
0 0.287109375 0.6103515625 0.2802734375 0.607421875 0.27734375 0.6142578125 0.2802734375 0.6171875 0.28515625 0.6162109375 0.287109375 0.6103515625
0 0.3017578125 0.611328125 0.30859375 0.6103515625 0.310546875 0.6044921875 0.3056640625 0.599609375 0.3017578125 0.599609375 0.298828125 0.6025390625 0.298828125 0.6083984375 0.3017578125 0.611328125
0 0.326171875 0.6201171875 0.3232421875 0.6171875 0.31640625 0.6201171875 0.3173828125 0.626953125 0.326171875 0.6259765625 0.326171875 0.6201171875
0 0.36328125 0.6162109375 0.365234375 0.6123046875 0.36328125 0.6083984375 0.3564453125 0.607421875 0.353515625 0.6123046875 0.35546875 0.6162109375 0.36328125 0.6162109375
0 0.390625 0.6123046875 0.392578125 0.6064453125 0.3896484375 0.603515625 0.3837890625 0.603515625 0.3828125 0.6103515625 0.3857421875 0.61328125 0.390625 0.6123046875
0 0.41796875 0.7587890625 0.419921875 0.7529296875 0.4130859375 0.748046875 0.408203125 0.7529296875 0.408203125 0.7568359375 0.4111328125 0.759765625 0.41796875 0.7587890625
0 0.451171875 0.7041015625 0.453125 0.6962890625 0.4501953125 0.693359375 0.4443359375 0.693359375 0.44140625 0.7001953125 0.4462890625 0.705078125 0.451171875 0.7041015625
0 0.54296875 0.8173828125 0.546875 0.8134765625 0.5400390625 0.806640625 0.53515625 0.8115234375 0.53515625 0.8154296875 0.5380859375 0.818359375 0.54296875 0.8173828125
0 0.5625 0.7998046875 0.564453125 0.7919921875 0.5595703125 0.7890625 0.5546875 0.7919921875 0.5546875 0.7958984375 0.5595703125 0.80078125 0.5625 0.7998046875
0 0.552734375 0.7529296875 0.5439453125 0.7421875 0.5390625 0.7490234375 0.541015625 0.7568359375 0.546875 0.7587890625 0.552734375 0.7529296875
0 0.6171875 0.7626953125 0.62109375 0.7607421875 0.62109375 0.7548828125 0.6142578125 0.751953125 0.611328125 0.7548828125 0.611328125 0.7607421875 0.6171875 0.7626953125
0 0.609375 0.8251953125 0.611328125 0.8173828125 0.6044921875 0.814453125 0.6015625 0.8173828125 0.6015625 0.8232421875 0.6044921875 0.826171875 0.609375 0.8251953125
0 0.6435546875 0.875 0.6376953125 0.875 0.634765625 0.8779296875 0.6376953125 0.884765625 0.64453125 0.8837890625 0.6435546875 0.875
0 0.60546875 0.9091796875 0.6064453125 0.916015625 0.61328125 0.9150390625 0.6123046875 0.908203125 0.60546875 0.9091796875
0 0.712890625 0.8251953125 0.7138671875 0.830078125 0.71875 0.8291015625 0.7177734375 0.82421875 0.712890625 0.8251953125
0 0.75390625 0.7978515625 0.7578125 0.7939453125 0.7578125 0.7900390625 0.7548828125 0.787109375 0.7490234375 0.787109375 0.74609375 0.7939453125 0.75390625 0.7978515625
0 0.7900390625 0.791015625 0.796875 0.7900390625 0.798828125 0.7822265625 0.7958984375 0.779296875 0.7900390625 0.779296875 0.787109375 0.7822265625 0.787109375 0.7880859375 0.7900390625 0.791015625
0 0.70703125 0.7451171875 0.708984375 0.7392578125 0.7041015625 0.734375 0.697265625 0.7373046875 0.697265625 0.7431640625 0.7001953125 0.74609375 0.70703125 0.7451171875
0 0.587890625 0.6904296875 0.5849609375 0.6875 0.578125 0.6904296875 0.5810546875 0.697265625 0.587890625 0.6962890625 0.587890625 0.6904296875
0 0.6015625 0.6923828125 0.60546875 0.6904296875 0.60546875 0.6845703125 0.6025390625 0.681640625 0.5966796875 0.681640625 0.595703125 0.6904296875 0.6015625 0.6923828125
0 0.701171875 0.6455078125 0.6943359375 0.642578125 0.69140625 0.6494140625 0.6943359375 0.65234375 0.69921875 0.6513671875 0.701171875 0.6455078125
0 0.755859375 0.5986328125 0.7529296875 0.595703125 0.7470703125 0.595703125 0.74609375 0.6044921875 0.75390625 0.6044921875 0.755859375 0.5986328125
0 0.7783203125 0.59765625 0.78125 0.5966796875 0.78515625 0.5947265625 0.78515625 0.5888671875 0.7783203125 0.5859375 0.775390625 0.5888671875 0.775390625 0.5947265625 0.7783203125 0.59765625
0 0.75 0.5693359375 0.751953125 0.5615234375 0.7470703125 0.55859375 0.7421875 0.5615234375 0.7421875 0.5673828125 0.7451171875 0.5703125 0.75 0.5693359375
0 0.6240234375 0.572265625 0.62890625 0.5712890625 0.630859375 0.5634765625 0.6279296875 0.560546875 0.6220703125 0.560546875 0.619140625 0.5654296875 0.62109375 0.5693359375 0.6240234375 0.572265625
0 0.51171875 0.5615234375 0.5048828125 0.556640625 0.5 0.5634765625 0.5048828125 0.568359375 0.5078125 0.5673828125 0.51171875 0.5615234375
0 0.501953125 0.5537109375 0.50390625 0.5478515625 0.5009765625 0.544921875 0.4951171875 0.544921875 0.4921875 0.5478515625 0.4951171875 0.5546875 0.501953125 0.5537109375
0 0.4921875 0.5244140625 0.4892578125 0.521484375 0.4833984375 0.521484375 0.482421875 0.5302734375 0.490234375 0.5302734375 0.4921875 0.5244140625
0 0.46484375 0.5830078125 0.466796875 0.5751953125 0.4619140625 0.572265625 0.45703125 0.5751953125 0.45703125 0.5810546875 0.4619140625 0.583984375 0.46484375 0.5830078125
0 0.4453125 0.5732421875 0.4384765625 0.5703125 0.435546875 0.5751953125 0.4375 0.5791015625 0.443359375 0.5791015625 0.4453125 0.5732421875
0 0.447265625 0.5556640625 0.4443359375 0.552734375 0.4375 0.5556640625 0.4404296875 0.5625 0.447265625 0.5615234375 0.447265625 0.5556640625
0 0.326171875 0.5556640625 0.3173828125 0.5546875 0.31640625 0.5615234375 0.3193359375 0.564453125 0.32421875 0.5634765625 0.326171875 0.5556640625
0 0.4111328125 0.466796875 0.41015625 0.4716796875 0.4140625 0.4736328125 0.41796875 0.4697265625 0.4111328125 0.466796875
0 0.4375 0.4658203125 0.4345703125 0.462890625 0.427734375 0.4638671875 0.4287109375 0.47265625 0.4375 0.4716796875 0.4375 0.4658203125
0 0.4375 0.5126953125 0.4384765625 0.51953125 0.4453125 0.5185546875 0.4443359375 0.51171875 0.4375 0.5126953125
0 0.36328125 0.4052734375 0.365234375 0.3994140625 0.3603515625 0.39453125 0.3564453125 0.39453125 0.353515625 0.3974609375 0.353515625 0.4052734375 0.36328125 0.4052734375
0 0.3837890625 0.40234375 0.38671875 0.4013671875 0.390625 0.3955078125 0.3857421875 0.390625 0.3818359375 0.390625 0.37890625 0.3935546875 0.37890625 0.3994140625 0.3837890625 0.40234375
0 0.365234375 0.3720703125 0.3623046875 0.369140625 0.357421875 0.3720703125 0.3603515625 0.375 0.36328125 0.3740234375 0.365234375 0.3720703125
0 0.3896484375 0.35546875 0.3857421875 0.353515625 0.380859375 0.3564453125 0.3818359375 0.36328125 0.390625 0.3623046875 0.3896484375 0.35546875
0 0.2431640625 0.21875 0.24609375 0.2177734375 0.25 0.2119140625 0.2470703125 0.20703125 0.2412109375 0.20703125 0.23828125 0.2099609375 0.23828125 0.2158203125 0.2431640625 0.21875
0 0.44140625 0.0947265625 0.443359375 0.0888671875 0.4404296875 0.0859375 0.4345703125 0.0859375 0.431640625 0.0888671875 0.4345703125 0.095703125 0.44140625 0.0947265625
0 0.37109375 0.0673828125 0.3681640625 0.064453125 0.359375 0.0673828125 0.3603515625 0.07421875 0.369140625 0.0732421875 0.37109375 0.0673828125
0 0.482421875 0.0595703125 0.484375 0.0537109375 0.4814453125 0.05078125 0.4755859375 0.05078125 0.47265625 0.0537109375 0.4755859375 0.060546875 0.482421875 0.0595703125
0 0.53515625 0.0654296875 0.5390625 0.0634765625 0.5390625 0.0576171875 0.5322265625 0.0546875 0.529296875 0.0576171875 0.529296875 0.0634765625 0.53515625 0.0654296875
0 0.6826171875 0.1171875 0.6875 0.1162109375 0.69140625 0.1103515625 0.6884765625 0.10546875 0.6826171875 0.10546875 0.6796875 0.1083984375 0.6796875 0.1142578125 0.6826171875 0.1171875
0 0.59765625 0.2431640625 0.5927734375 0.240234375 0.5859375 0.2470703125 0.5888671875 0.251953125 0.595703125 0.2509765625 0.59765625 0.2431640625
0 0.59375 0.3076171875 0.595703125 0.2998046875 0.5888671875 0.296875 0.5859375 0.2998046875 0.5859375 0.3056640625 0.5908203125 0.30859375 0.59375 0.3076171875
0 0.54296875 0.3662109375 0.5400390625 0.36328125 0.5341796875 0.36328125 0.533203125 0.3720703125 0.541015625 0.3720703125 0.54296875 0.3662109375
0 0.6572265625 0.4296875 0.66015625 0.4287109375 0.6640625 0.4248046875 0.6640625 0.4208984375 0.6611328125 0.41796875 0.6552734375 0.41796875 0.65234375 0.4248046875 0.6572265625 0.4296875
0 0.642578125 0.4716796875 0.646484375 0.4658203125 0.6396484375 0.4609375 0.634765625 0.4638671875 0.634765625 0.4697265625 0.6376953125 0.47265625 0.642578125 0.4716796875
0 0.736328125 0.4208984375 0.73828125 0.4150390625 0.7353515625 0.412109375 0.7294921875 0.412109375 0.728515625 0.4189453125 0.7314453125 0.421875 0.736328125 0.4208984375
0 0.85546875 0.4150390625 0.8525390625 0.41015625 0.84375 0.4111328125 0.8447265625 0.419921875 0.853515625 0.4189453125 0.85546875 0.4150390625
0 0.806640625 0.2744140625 0.8037109375 0.271484375 0.796875 0.2763671875 0.7998046875 0.28125 0.806640625 0.2802734375 0.806640625 0.2744140625