0 0.1298828125 0.457421875 0.1181640625 0.45546875 0.107421875 0.4623046875 0.10546875 0.4779296875 0.1142578125 0.488671875 0.1279296875 0.488671875 0.13671875 0.4818359375 0.138671875 0.4681640625 0.1298828125 0.457421875
0 0.35546875 0.8275390625 0.3486328125 0.81875 0.3330078125 0.816796875 0.326171875 0.8216796875 0.322265625 0.8275390625 0.322265625 0.8392578125 0.3310546875 0.848046875 0.3466796875 0.848046875 0.353515625 0.8412109375 0.35546875 0.8275390625
0 0.2294921875 0.75234375 0.2138671875 0.750390625 0.205078125 0.7572265625 0.203125 0.7708984375 0.2119140625 0.781640625 0.2275390625 0.781640625 0.236328125 0.7728515625 0.236328125 0.7630859375 0.2294921875 0.75234375
0 0.3828125 0.8197265625 0.3759765625 0.812890625 0.3603515625 0.816796875 0.35546875 0.8216796875 0.357421875 0.8373046875 0.3681640625 0.84609375 0.3818359375 0.844140625 0.388671875 0.8333984375 0.3828125 0.8197265625
0 0.37109375 0.8041015625 0.3623046875 0.79921875 0.3583984375 0.79921875 0.3515625 0.8080078125 0.349609375 0.8177734375 0.3564453125 0.824609375 0.3603515625 0.824609375 0.3681640625 0.81484375 0.376953125 0.8177734375 0.37109375 0.8041015625
0 0.265625 0.7572265625 0.2607421875 0.75234375 0.2392578125 0.75625 0.236328125 0.7630859375 0.2421875 0.7787109375 0.2470703125 0.78359375 0.2587890625 0.785546875 0.26953125 0.7708984375 0.265625 0.7572265625
0 0.259765625 0.7240234375 0.2529296875 0.7171875 0.2412109375 0.7171875 0.234375 0.7240234375 0.234375 0.7357421875 0.2392578125 0.740625 0.2568359375 0.738671875 0.26171875 0.7298828125 0.259765625 0.7240234375
0 0.2392578125 0.740625 0.236328125 0.7435546875 0.2392578125 0.75625 0.26171875 0.7513671875 0.26171875 0.7435546875 0.2568359375 0.738671875 0.2392578125 0.740625
0 0.3740234375 0.777734375 0.3662109375 0.77578125 0.3583984375 0.7796875 0.357421875 0.7923828125 0.3623046875 0.79921875 0.3701171875 0.801171875 0.376953125 0.7962890625 0.37890625 0.7865234375 0.3740234375 0.777734375
0 0.40625 0.7787109375 0.3955078125 0.769921875 0.3837890625 0.769921875 0.376953125 0.7767578125 0.37890625 0.7904296875 0.3876953125 0.7953125 0.3994140625 0.793359375 0.40625 0.7845703125 0.40625 0.7787109375
0 0.3662109375 0.734765625 0.3515625 0.7376953125 0.349609375 0.7494140625 0.3544921875 0.75625 0.3662109375 0.75625 0.37109375 0.7513671875 0.373046875 0.7416015625 0.3662109375 0.734765625
0 0.3818359375 0.730859375 0.375 0.7357421875 0.373046875 0.7435546875 0.3837890625 0.754296875 0.396484375 0.7455078125 0.396484375 0.7376953125 0.3916015625 0.7328125 0.3818359375 0.730859375
0 0.3291015625 0.75234375 0.322265625 0.7591796875 0.3203125 0.7708984375 0.3232421875 0.773828125 0.34375 0.7728515625 0.345703125 0.7611328125 0.3369140625 0.75234375 0.3291015625 0.75234375
0 0.3076171875 0.77578125 0.2919921875 0.78359375 0.2890625 0.7943359375 0.2939453125 0.801171875 0.3095703125 0.803125 0.314453125 0.8001953125 0.3154296875 0.777734375 0.3076171875 0.77578125
0 0.27734375 0.7748046875 0.2861328125 0.7875 0.3125 0.7787109375 0.2998046875 0.754296875 0.283203125 0.7572265625 0.27734375 0.7748046875
0 0.2861328125 0.7484375 0.283203125 0.7513671875 0.2861328125 0.7640625 0.302734375 0.7630859375 0.3046875 0.7533203125 0.2998046875 0.7484375 0.2861328125 0.7484375
0 0.3408203125 0.7796875 0.318359375 0.7787109375 0.31640625 0.8001953125 0.3330078125 0.81484375 0.3486328125 0.8109375 0.35546875 0.7962890625 0.34765625 0.7865234375 0.3408203125 0.7796875
0 0.400390625 0.7962890625 0.400390625 0.8099609375 0.4150390625 0.808984375 0.41796875 0.7923828125 0.4052734375 0.79140625 0.400390625 0.7962890625
0 0.4052734375 0.824609375 0.400390625 0.8294921875 0.3984375 0.8373046875 0.4052734375 0.848046875 0.4150390625 0.85 0.421875 0.8451171875 0.4189453125 0.8265625 0.4052734375 0.824609375
0 0.4384765625 0.82265625 0.4248046875 0.8265625 0.421875 0.8451171875 0.4287109375 0.85 0.4384765625 0.848046875 0.4453125 0.8392578125 0.443359375 0.8275390625 0.4384765625 0.82265625
0 0.4638671875 0.82265625 0.4541015625 0.82265625 0.447265625 0.8294921875 0.4453125 0.8392578125 0.4541015625 0.85 0.4619140625 0.85 0.47265625 0.8412109375 0.47265625 0.8314453125 0.4638671875 0.82265625
0 0.4716796875 0.7796875 0.458984375 0.7826171875 0.455078125 0.7962890625 0.4619140625 0.803125 0.478515625 0.8001953125 0.48046875 0.7884765625 0.4775390625 0.78359375 0.4716796875 0.7796875
0 0.4541015625 0.7953125 0.4404296875 0.801171875 0.435546875 0.8119140625 0.4423828125 0.82265625 0.4541015625 0.820703125 0.4609375 0.8138671875 0.4609375 0.8021484375 0.4541015625 0.7953125
0 0.4208984375 0.789453125 0.41796875 0.7943359375 0.4267578125 0.80703125 0.439453125 0.8021484375 0.44140625 0.7962890625 0.4365234375 0.789453125 0.4208984375 0.789453125
0 0.4443359375 0.758203125 0.4365234375 0.76015625 0.431640625 0.7650390625 0.431640625 0.7767578125 0.4443359375 0.78359375 0.453125 0.7767578125 0.455078125 0.7669921875 0.4443359375 0.758203125
0 0.4609375 0.7376953125 0.4541015625 0.730859375 0.4443359375 0.72890625 0.435546875 0.7376953125 0.435546875 0.7474609375 0.4423828125 0.754296875 0.4501953125 0.754296875 0.458984375 0.7474609375 0.4609375 0.7376953125
0 0.39453125 0.7591796875 0.392578125 0.7689453125 0.4033203125 0.777734375 0.4091796875 0.77578125 0.41015625 0.7591796875 0.4052734375 0.75625 0.39453125 0.7591796875
0 0.4150390625 0.75625 0.41015625 0.7611328125 0.412109375 0.7748046875 0.4228515625 0.777734375 0.431640625 0.7630859375 0.4248046875 0.75625 0.4150390625 0.75625
0 0.4267578125 0.758203125 0.427734375 0.7513671875 0.4189453125 0.746484375 0.4140625 0.7572265625 0.4267578125 0.758203125
0 0.4912109375 0.71328125 0.4833984375 0.711328125 0.474609375 0.7162109375 0.47265625 0.7298828125 0.4794921875 0.73671875 0.4873046875 0.73671875 0.494140625 0.7318359375 0.498046875 0.7220703125 0.4912109375 0.71328125
0 0.5126953125 0.738671875 0.5029296875 0.738671875 0.49609375 0.7455078125 0.49609375 0.7552734375 0.5107421875 0.762109375 0.517578125 0.7572265625 0.51953125 0.7474609375 0.5126953125 0.738671875
0 0.4912109375 0.758203125 0.486328125 0.7630859375 0.48828125 0.7767578125 0.5029296875 0.7796875 0.509765625 0.7650390625 0.5009765625 0.758203125 0.4912109375 0.758203125
0 0.5634765625 0.613671875 0.5498046875 0.61171875 0.541015625 0.6205078125 0.5390625 0.6283203125 0.5458984375 0.641015625 0.5615234375 0.64296875 0.568359375 0.6380859375 0.572265625 0.6244140625 0.5634765625 0.613671875
0 0.5966796875 0.609765625 0.5849609375 0.6078125 0.576171875 0.6146484375 0.57421875 0.6263671875 0.5830078125 0.637109375 0.5927734375 0.637109375 0.6015625 0.6302734375 0.603515625 0.6185546875 0.5966796875 0.609765625
0 0.61328125 0.6888671875 0.6083984375 0.683984375 0.5927734375 0.6859375 0.587890625 0.6908203125 0.587890625 0.7044921875 0.5947265625 0.711328125 0.6083984375 0.709375 0.615234375 0.7025390625 0.61328125 0.6888671875
0 0.6318359375 0.676171875 0.6201171875 0.676171875 0.615234375 0.6810546875 0.61328125 0.6888671875 0.6201171875 0.7015625 0.6318359375 0.7015625 0.640625 0.6908203125 0.640625 0.6849609375 0.6318359375 0.676171875
0 0.634765625 0.6498046875 0.6220703125 0.641015625 0.6142578125 0.641015625 0.607421875 0.6478515625 0.609375 0.6615234375 0.6162109375 0.66640625 0.6298828125 0.664453125 0.634765625 0.6576171875 0.634765625 0.6498046875
0 0.625 0.6322265625 0.623046875 0.6419921875 0.6337890625 0.65078125 0.64453125 0.6439453125 0.64453125 0.6361328125 0.6376953125 0.629296875 0.625 0.6322265625
0 0.4599609375 0.59609375 0.4443359375 0.5921875 0.4375 0.5970703125 0.43359375 0.6126953125 0.4423828125 0.6234375 0.4501953125 0.625390625 0.462890625 0.6166015625 0.466796875 0.6048828125 0.4599609375 0.59609375
0 0.462890625 0.6419921875 0.4501953125 0.625390625 0.4404296875 0.625390625 0.43359375 0.6302734375 0.431640625 0.6439453125 0.4365234375 0.65078125 0.4443359375 0.656640625 0.4541015625 0.656640625 0.4609375 0.6517578125 0.462890625 0.6419921875
0 0.3291015625 0.6078125 0.3173828125 0.605859375 0.310546875 0.6107421875 0.30859375 0.6263671875 0.3154296875 0.633203125 0.3232421875 0.63515625 0.333984375 0.6263671875 0.3359375 0.6146484375 0.3291015625 0.6078125
0 0.3193359375 0.646875 0.3076171875 0.64296875 0.298828125 0.6478515625 0.294921875 0.6615234375 0.3017578125 0.672265625 0.3095703125 0.67421875 0.322265625 0.6673828125 0.326171875 0.6556640625 0.3193359375 0.646875
0 0.3330078125 0.67421875 0.32421875 0.6810546875 0.322265625 0.6908203125 0.3330078125 0.699609375 0.34765625 0.6908203125 0.34765625 0.6830078125 0.3388671875 0.67421875 0.3330078125 0.67421875
0 0.306640625 0.6966796875 0.3076171875 0.709375 0.3251953125 0.709375 0.328125 0.7064453125 0.328125 0.6966796875 0.3173828125 0.68984375 0.306640625 0.6966796875
0 0.2822265625 0.709375 0.2705078125 0.709375 0.265625 0.7142578125 0.263671875 0.7220703125 0.2705078125 0.730859375 0.2861328125 0.730859375 0.291015625 0.7259765625 0.291015625 0.7181640625 0.2822265625 0.709375
0 0.5029296875 0.65859375 0.4951171875 0.65859375 0.486328125 0.6673828125 0.482421875 0.6732421875 0.484375 0.6791015625 0.4931640625 0.6859375 0.5048828125 0.683984375 0.51171875 0.6712890625 0.5029296875 0.65859375
0 0.4873046875 0.644921875 0.4775390625 0.644921875 0.470703125 0.6517578125 0.46875 0.6634765625 0.4775390625 0.67421875 0.4833984375 0.67421875 0.49609375 0.6576171875 0.494140625 0.6498046875 0.4873046875 0.644921875
0 0.4638671875 0.676171875 0.4521484375 0.67421875 0.443359375 0.6810546875 0.443359375 0.6966796875 0.4501953125 0.703515625 0.4619140625 0.703515625 0.470703125 0.6947265625 0.47265625 0.6869140625 0.4638671875 0.676171875
0 0.4248046875 0.687890625 0.419921875 0.6927734375 0.41796875 0.6986328125 0.4248046875 0.709375 0.4384765625 0.707421875 0.443359375 0.6986328125 0.4365234375 0.687890625 0.4248046875 0.687890625
0 0.3828125 0.7025390625 0.380859375 0.7162109375 0.3857421875 0.72109375 0.3955078125 0.72109375 0.404296875 0.7103515625 0.3955078125 0.699609375 0.3828125 0.7025390625
0 0.3466796875 0.6390625 0.337890625 0.6419921875 0.3359375 0.6556640625 0.3427734375 0.6625 0.3525390625 0.6625 0.359375 0.6556640625 0.3603515625 0.644921875 0.3466796875 0.6390625
0 0.3505859375 0.6234375 0.34375 0.6302734375 0.34375 0.6380859375 0.3603515625 0.644921875 0.365234375 0.6283203125 0.3583984375 0.6234375 0.3505859375 0.6234375
0 0.365234375 0.6302734375 0.36328125 0.6439453125 0.3701171875 0.65078125 0.384765625 0.6458984375 0.38671875 0.6361328125 0.3798828125 0.62734375 0.365234375 0.6302734375
0 0.3916015625 0.65078125 0.3779296875 0.648828125 0.37109375 0.6537109375 0.369140625 0.6634765625 0.3759765625 0.672265625 0.3857421875 0.67421875 0.39453125 0.6693359375 0.396484375 0.6556640625 0.3916015625 0.65078125
0 0.3662109375 0.672265625 0.3515625 0.6751953125 0.3515625 0.7005859375 0.3583984375 0.707421875 0.3701171875 0.707421875 0.375 0.7025390625 0.373046875 0.6791015625 0.3662109375 0.672265625
0 0.3759765625 0.68203125 0.373046875 0.6966796875 0.3779296875 0.7015625 0.3876953125 0.699609375 0.392578125 0.6869140625 0.3837890625 0.680078125 0.3759765625 0.68203125
0 0.4052734375 0.668359375 0.3974609375 0.6703125 0.392578125 0.6751953125 0.392578125 0.6869140625 0.4013671875 0.69375 0.4072265625 0.69375 0.416015625 0.6810546875 0.4052734375 0.668359375
0 0.4267578125 0.656640625 0.4189453125 0.6546875 0.41015625 0.6615234375 0.408203125 0.6712890625 0.4150390625 0.680078125 0.4228515625 0.68203125 0.43359375 0.6732421875 0.43359375 0.6634765625 0.4267578125 0.656640625
0 0.4072265625 0.629296875 0.3955078125 0.62734375 0.388671875 0.6341796875 0.38671875 0.6458984375 0.3974609375 0.656640625 0.4052734375 0.656640625 0.4140625 0.6498046875 0.416015625 0.6400390625 0.4072265625 0.629296875
0 0.3193359375 0.72890625 0.31640625 0.7435546875 0.3271484375 0.750390625 0.337890625 0.7416015625 0.33984375 0.7337890625 0.3291015625 0.725 0.3193359375 0.72890625
0 0.3056640625 0.725 0.294921875 0.7318359375 0.2958984375 0.74453125 0.3056640625 0.7484375 0.3125 0.7455078125 0.314453125 0.7318359375 0.3095703125 0.726953125 0.3056640625 0.725
0 0.306640625 0.7259765625 0.3095703125 0.72890625 0.328125 0.7220703125 0.3251953125 0.709375 0.30859375 0.7103515625 0.306640625 0.7259765625
0 0.3095703125 0.740625 0.3046875 0.7474609375 0.3115234375 0.758203125 0.3212890625 0.758203125 0.328125 0.7513671875 0.3251953125 0.742578125 0.3095703125 0.740625
0 0.2060546875 0.648828125 0.1943359375 0.648828125 0.185546875 0.6556640625 0.185546875 0.6771484375 0.1943359375 0.6859375 0.212890625 0.6810546875 0.216796875 0.6732421875 0.21484375 0.6576171875 0.2060546875 0.648828125
0 0.2236328125 0.621484375 0.203125 0.6205078125 0.201171875 0.6322265625 0.2080078125 0.641015625 0.2177734375 0.641015625 0.224609375 0.6361328125 0.2265625 0.6244140625 0.2236328125 0.621484375
0 0.1865234375 0.68203125 0.1767578125 0.683984375 0.169921875 0.6908203125 0.169921875 0.7025390625 0.1787109375 0.711328125 0.1953125 0.6986328125 0.1953125 0.6888671875 0.1865234375 0.68203125
0 0.1923828125 0.7015625 0.1826171875 0.707421875 0.1796875 0.7162109375 0.1904296875 0.72890625 0.2021484375 0.726953125 0.2109375 0.7162109375 0.2001953125 0.7015625 0.1923828125 0.7015625
0 0.2197265625 0.683984375 0.2099609375 0.68203125 0.19921875 0.6888671875 0.197265625 0.6966796875 0.2060546875 0.709375 0.2158203125 0.711328125 0.224609375 0.7044921875 0.2265625 0.6947265625 0.2197265625 0.683984375
0 0.53125 0.7103515625 0.5224609375 0.699609375 0.5107421875 0.69765625 0.50390625 0.7044921875 0.50390625 0.7162109375 0.5146484375 0.726953125 0.5224609375 0.726953125 0.52734375 0.7240234375 0.53125 0.7103515625
0 0.291015625 0.5814453125 0.2822265625 0.574609375 0.2744140625 0.574609375 0.2607421875 0.584375 0.25390625 0.5912109375 0.255859375 0.6068359375 0.2685546875 0.617578125 0.2822265625 0.615625 0.29296875 0.6009765625 0.291015625 0.5814453125
0 0.2392578125 0.57265625 0.2255859375 0.570703125 0.21875 0.5775390625 0.216796875 0.5873046875 0.2236328125 0.598046875 0.2333984375 0.6 0.24609375 0.5912109375 0.248046875 0.5814453125 0.2392578125 0.57265625
0 0.2216796875 0.601953125 0.2099609375 0.601953125 0.205078125 0.6068359375 0.203125 0.6166015625 0.2080078125 0.621484375 0.2177734375 0.6234375 0.2265625 0.6205078125 0.228515625 0.6087890625 0.2216796875 0.601953125
0 0.228515625 0.6126953125 0.228515625 0.6283203125 0.2353515625 0.633203125 0.2431640625 0.633203125 0.25 0.6146484375 0.2392578125 0.6078125 0.228515625 0.6126953125
0 0.2607421875 0.61171875 0.248046875 0.6185546875 0.24609375 0.6341796875 0.2548828125 0.64296875 0.2626953125 0.644921875 0.2734375 0.6322265625 0.271484375 0.6185546875 0.2607421875 0.61171875
0 0.2490234375 0.637109375 0.2431640625 0.633203125 0.23046875 0.6361328125 0.228515625 0.6458984375 0.2353515625 0.65859375 0.2529296875 0.660546875 0.2578125 0.6556640625 0.259765625 0.6458984375 0.2490234375 0.637109375
0 0.2509765625 0.660546875 0.2333984375 0.65859375 0.228515625 0.6634765625 0.228515625 0.6732421875 0.2353515625 0.680078125 0.2431640625 0.678125 0.25390625 0.6673828125 0.2509765625 0.660546875
0 0.263671875 0.6751953125 0.2568359375 0.668359375 0.2509765625 0.668359375 0.23828125 0.6849609375 0.2431640625 0.69375 0.2568359375 0.69765625 0.265625 0.6908203125 0.265625 0.6830078125 0.263671875 0.6751953125
0 0.2626953125 0.652734375 0.259765625 0.6556640625 0.2626953125 0.6703125 0.28515625 0.6673828125 0.28515625 0.6576171875 0.2783203125 0.65078125 0.2626953125 0.652734375
0 0.2646484375 0.6703125 0.263671875 0.6810546875 0.2724609375 0.68984375 0.287109375 0.6810546875 0.287109375 0.6712890625 0.2822265625 0.66640625 0.2646484375 0.6703125
0 0.2763671875 0.687890625 0.271484375 0.6927734375 0.2734375 0.7064453125 0.2880859375 0.709375 0.296875 0.6947265625 0.2861328125 0.6859375 0.2763671875 0.687890625
0 0.5615234375 0.855859375 0.552734375 0.8626953125 0.552734375 0.8783203125 0.5595703125 0.88515625 0.5712890625 0.88515625 0.578125 0.8626953125 0.5712890625 0.855859375 0.5615234375 0.855859375
0 0.5244140625 0.844140625 0.5146484375 0.844140625 0.505859375 0.8509765625 0.50390625 0.8607421875 0.5126953125 0.871484375 0.5224609375 0.871484375 0.52734375 0.8666015625 0.529296875 0.8529296875 0.5244140625 0.844140625
0 0.546875 0.8373046875 0.5400390625 0.832421875 0.5302734375 0.832421875 0.5234375 0.8392578125 0.52734375 0.8529296875 0.5302734375 0.855859375 0.5478515625 0.85390625 0.55078125 0.8451171875 0.546875 0.8373046875
0 0.5478515625 0.851953125 0.5302734375 0.851953125 0.52734375 0.8568359375 0.525390625 0.8705078125 0.5302734375 0.875390625 0.5419921875 0.87734375 0.548828125 0.8724609375 0.552734375 0.8607421875 0.5478515625 0.851953125
0 0.5009765625 0.803125 0.49609375 0.8080078125 0.494140625 0.8158203125 0.4970703125 0.81875 0.515625 0.8216796875 0.517578125 0.8080078125 0.5146484375 0.805078125 0.5009765625 0.803125
0 0.46484375 0.8060546875 0.462890625 0.8158203125 0.4716796875 0.82265625 0.4775390625 0.82265625 0.494140625 0.8119140625 0.4873046875 0.79921875 0.46484375 0.8060546875
0 0.513671875 0.8216796875 0.5009765625 0.816796875 0.4833984375 0.81875 0.4765625 0.8255859375 0.478515625 0.8373046875 0.4931640625 0.85 0.5048828125 0.851953125 0.515625 0.8392578125 0.513671875 0.8216796875
0 0.3916015625 0.5921875 0.3818359375 0.5921875 0.375 0.5970703125 0.373046875 0.6087890625 0.3798828125 0.617578125 0.3896484375 0.61953125 0.396484375 0.6146484375 0.396484375 0.6029296875 0.3916015625 0.5921875
0 0.4189453125 0.590234375 0.3955078125 0.590234375 0.392578125 0.5970703125 0.3974609375 0.615625 0.4150390625 0.615625 0.423828125 0.6087890625 0.42578125 0.5990234375 0.4189453125 0.590234375
0 0.2998046875 0.5453125 0.2900390625 0.547265625 0.283203125 0.5541015625 0.28125 0.5638671875 0.2919921875 0.5765625 0.3056640625 0.574609375 0.3125 0.5658203125 0.3125 0.5560546875 0.2998046875 0.5453125
0 0.5556640625 0.803125 0.5419921875 0.79921875 0.537109375 0.8021484375 0.53515625 0.8177734375 0.5400390625 0.82265625 0.5498046875 0.82265625 0.556640625 0.8177734375 0.55859375 0.8060546875 0.5556640625 0.803125
0 0.5615234375 0.789453125 0.5517578125 0.785546875 0.541015625 0.7943359375 0.5380859375 0.808984375 0.5439453125 0.80703125 0.5556640625 0.812890625 0.5625 0.8080078125 0.564453125 0.7923828125 0.5615234375 0.789453125
0 0.587890625 0.8001953125 0.5791015625 0.789453125 0.5673828125 0.789453125 0.5625 0.7943359375 0.5625 0.8099609375 0.5673828125 0.816796875 0.5771484375 0.81875 0.583984375 0.8119140625 0.587890625 0.8001953125
0 0.5810546875 0.859765625 0.576171875 0.8646484375 0.57421875 0.8841796875 0.5771484375 0.887109375 0.59765625 0.8822265625 0.599609375 0.8685546875 0.5927734375 0.86171875 0.5810546875 0.859765625
0 0.408203125 0.7142578125 0.408203125 0.7279296875 0.4150390625 0.7328125 0.4228515625 0.7328125 0.427734375 0.7142578125 0.4248046875 0.711328125 0.408203125 0.7142578125
0 0.4365234375 0.715234375 0.4248046875 0.71328125 0.421875 0.7162109375 0.419921875 0.7318359375 0.4248046875 0.73671875 0.4306640625 0.738671875 0.443359375 0.7279296875 0.443359375 0.7220703125 0.4365234375 0.715234375
0 0.408203125 0.7025390625 0.408203125 0.7103515625 0.4228515625 0.711328125 0.421875 0.7005859375 0.4130859375 0.69765625 0.408203125 0.7025390625
0 0.5791015625 0.7328125 0.5673828125 0.7328125 0.5625 0.7376953125 0.560546875 0.7455078125 0.5654296875 0.754296875 0.5751953125 0.76015625 0.587890625 0.7572265625 0.587890625 0.7416015625 0.5791015625 0.7328125
0 0.5419921875 0.65078125 0.52734375 0.6537109375 0.5234375 0.6595703125 0.5263671875 0.678125 0.5419921875 0.68203125 0.552734375 0.6771484375 0.552734375 0.6615234375 0.5419921875 0.65078125
0 0.51171875 0.6810546875 0.51171875 0.6947265625 0.5244140625 0.69765625 0.529296875 0.6869140625 0.52734375 0.6810546875 0.5224609375 0.676171875 0.51171875 0.6810546875
0 0.5458984375 0.6859375 0.5302734375 0.683984375 0.52734375 0.6888671875 0.525390625 0.6986328125 0.5302734375 0.70546875 0.5380859375 0.707421875 0.548828125 0.7005859375 0.55078125 0.6908203125 0.5458984375 0.6859375
0 0.5400390625 0.70546875 0.53125 0.7103515625 0.529296875 0.7201171875 0.5341796875 0.726953125 0.552734375 0.7240234375 0.5546875 0.7123046875 0.5498046875 0.707421875 0.5400390625 0.70546875
0 0.5322265625 0.725 0.52734375 0.7298828125 0.525390625 0.7416015625 0.5322265625 0.750390625 0.5546875 0.7494140625 0.5546875 0.7357421875 0.5478515625 0.726953125 0.5322265625 0.725
0 0.5625 0.7572265625 0.5576171875 0.75234375 0.5341796875 0.750390625 0.529296875 0.7552734375 0.529296875 0.7669921875 0.5341796875 0.771875 0.5517578125 0.773828125 0.560546875 0.7669921875 0.5625 0.7572265625
0 0.650390625 0.6537109375 0.6484375 0.6693359375 0.6513671875 0.672265625 0.6796875 0.6673828125 0.6757998 0.66374835 0.6630859375 0.648828125 0.650390625 0.6537109375
0 0.6484375 0.6888671875 0.646484375 0.7005859375 0.6513671875 0.707421875 0.66796875 0.7044921875 0.671875 0.6947265625 0.6650390625 0.6859375 0.6484375 0.6888671875
0 0.650390625 0.7181640625 0.6591796875 0.72109375 0.666015625 0.7142578125 0.666015625 0.7083984375 0.6533203125 0.70546875 0.650390625 0.7181640625
0 0.6943359375 0.67421875 0.681640625 0.6771484375 0.6796875 0.6869140625 0.6826171875 0.68984375 0.6962890625 0.691796875 0.69921875 0.6888671875 0.701171875 0.6810546875 0.6943359375 0.67421875
0 0.697265625 0.6947265625 0.6806640625 0.68984375 0.67578125 0.6947265625 0.67578125 0.7044921875 0.6806640625 0.709375 0.6904296875 0.709375 0.697265625 0.7025390625 0.697265625 0.6947265625
0 0.6318359375 0.707421875 0.625 0.7123046875 0.623046875 0.7240234375 0.6357421875 0.73671875 0.65234375 0.7337890625 0.654296875 0.7259765625 0.6396484375 0.709375 0.6318359375 0.707421875
0 0.6201171875 0.726953125 0.6083984375 0.726953125 0.59375 0.7357421875 0.591796875 0.7474609375 0.5966796875 0.75625 0.6123046875 0.75625 0.625 0.7474609375 0.625 0.7318359375 0.6201171875 0.726953125
0 0.5927734375 0.762109375 0.580078125 0.7650390625 0.576171875 0.7708984375 0.578125 0.7806640625 0.5908203125 0.785546875 0.6015625 0.7728515625 0.59765625 0.7650390625 0.5927734375 0.762109375
0 0.607421875 0.7708984375 0.603515625 0.7767578125 0.603515625 0.7923828125 0.6259765625 0.79140625 0.630859375 0.7767578125 0.6201171875 0.76796875 0.607421875 0.7708984375
0 0.60546875 0.7982421875 0.6181640625 0.805078125 0.626953125 0.7962890625 0.6259765625 0.789453125 0.6064453125 0.79140625 0.60546875 0.7982421875
0 0.59765625 0.8255859375 0.5869140625 0.820703125 0.5791015625 0.820703125 0.57421875 0.8255859375 0.5703125 0.8333984375 0.57421875 0.8470703125 0.5791015625 0.851953125 0.5908203125 0.85 0.599609375 0.8392578125 0.59765625 0.8255859375
0 0.6279296875 0.834375 0.61328125 0.8373046875 0.611328125 0.8548828125 0.6181640625 0.86171875 0.6298828125 0.859765625 0.634765625 0.8529296875 0.6328125 0.8392578125 0.6279296875 0.834375
0 0.6572265625 0.83046875 0.6455078125 0.828515625 0.634765625 0.8353515625 0.634765625 0.8509765625 0.6416015625 0.8578125 0.6513671875 0.8578125 0.662109375 0.8490234375 0.662109375 0.8392578125 0.6572265625 0.83046875
0 0.62109375 0.8255859375 0.6279296875 0.832421875 0.640625 0.8275390625 0.6357421875 0.8109375 0.623046875 0.8138671875 0.62109375 0.8255859375
0 0.6376953125 0.8109375 0.6376953125 0.83046875 0.6533203125 0.828515625 0.662109375 0.8197265625 0.662109375 0.8138671875 0.6533203125 0.805078125 0.6376953125 0.8109375
0 0.6064453125 0.797265625 0.5947265625 0.797265625 0.5859375 0.8060546875 0.5830078125 0.820703125 0.6103515625 0.828515625 0.6171875 0.8255859375 0.62109375 0.8119140625 0.6181640625 0.803125 0.6064453125 0.797265625
0 0.6328125 0.7787109375 0.6455078125 0.785546875 0.6484375 0.7728515625 0.6416015625 0.76796875 0.634765625 0.7708984375 0.6328125 0.7787109375
0 0.6650390625 0.773828125 0.6396484375 0.769921875 0.634765625 0.7767578125 0.6494140625 0.79140625 0.6611328125 0.7953125 0.669921875 0.7884765625 0.671875 0.7826171875 0.6650390625 0.773828125
0 0.6962890625 0.801171875 0.6767578125 0.808984375 0.67578125 0.8177734375 0.6845703125 0.8265625 0.6943359375 0.8265625 0.703125 0.8197265625 0.703125 0.8080078125 0.6962890625 0.801171875
0 0.736328125 0.7728515625 0.7294921875 0.7640625 0.7177734375 0.7640625 0.708984375 0.7728515625 0.708984375 0.7845703125 0.7138671875 0.789453125 0.7236328125 0.789453125 0.732421875 0.7826171875 0.736328125 0.7728515625
0 0.748046875 0.8001953125 0.7431640625 0.79140625 0.7333984375 0.7875 0.7236328125 0.79140625 0.71875 0.7962890625 0.71875 0.8060546875 0.7255859375 0.81484375 0.7333984375 0.816796875 0.74609375 0.8080078125 0.748046875 0.8001953125
0 0.7607421875 0.7640625 0.7509765625 0.7640625 0.744140625 0.7689453125 0.740234375 0.7787109375 0.7470703125 0.79140625 0.7568359375 0.793359375 0.767578125 0.7845703125 0.76953125 0.7728515625 0.7607421875 0.7640625
0 0.7021484375 0.801171875 0.7109375 0.7904296875 0.6962890625 0.773828125 0.68359375 0.7748046875 0.68359375 0.7826171875 0.666015625 0.7962890625 0.666015625 0.8041015625 0.6728515625 0.8109375 0.6884765625 0.803125 0.7021484375 0.801171875
0 0.2705078125 0.730859375 0.267578125 0.7435546875 0.2724609375 0.750390625 0.2822265625 0.75234375 0.29296875 0.7435546875 0.2900390625 0.730859375 0.2705078125 0.730859375
0 0.3681640625 0.594140625 0.37109375 0.5873046875 0.3623046875 0.584375 0.359375 0.5912109375 0.3681640625 0.594140625
0 0.3857421875 0.54921875 0.3759765625 0.551171875 0.365234375 0.5619140625 0.36328125 0.5755859375 0.3720703125 0.586328125 0.3857421875 0.584375 0.400390625 0.5658203125 0.3984375 0.5560546875 0.3857421875 0.54921875
0 0.4033203125 0.531640625 0.3896484375 0.5296875 0.384765625 0.5345703125 0.3828125 0.5462890625 0.3876953125 0.551171875 0.3974609375 0.555078125 0.40625 0.5501953125 0.408203125 0.5384765625 0.4033203125 0.531640625
0 0.4306640625 0.547265625 0.41015625 0.5482421875 0.408203125 0.5619140625 0.4111328125 0.566796875 0.4267578125 0.56875 0.431640625 0.5658203125 0.435546875 0.5541015625 0.4306640625 0.547265625
0 0.4130859375 0.5296875 0.408203125 0.5345703125 0.4091796875 0.547265625 0.431640625 0.5462890625 0.43359375 0.5384765625 0.4267578125 0.5296875 0.4130859375 0.5296875
0 0.4931640625 0.531640625 0.4775390625 0.527734375 0.46875 0.5345703125 0.46875 0.5482421875 0.4775390625 0.55703125 0.4912109375 0.555078125 0.498046875 0.5462890625 0.498046875 0.5365234375 0.4931640625 0.531640625
0 0.5458984375 0.543359375 0.5361328125 0.543359375 0.529296875 0.5501953125 0.529296875 0.5580078125 0.5341796875 0.56484375 0.5458984375 0.566796875 0.5546875 0.5541015625 0.5458984375 0.543359375
0 0.1611328125 0.617578125 0.16015625 0.6244140625 0.1669921875 0.633203125 0.1767578125 0.633203125 0.185546875 0.6205078125 0.1728515625 0.613671875 0.1611328125 0.617578125
0 0.1904296875 0.58828125 0.1875 0.5892578125 0.17578125 0.6029296875 0.177734375 0.6126953125 0.1845703125 0.61953125 0.19921875 0.6107421875 0.197265625 0.5970703125 0.1904296875 0.58828125
0 0.150390625 0.6048828125 0.150390625 0.6146484375 0.1572265625 0.61953125 0.171875 0.6087890625 0.171875 0.6009765625 0.1630859375 0.59609375 0.150390625 0.6048828125
0 0.1416015625 0.539453125 0.1337890625 0.5375 0.123046875 0.5443359375 0.12109375 0.5560546875 0.1298828125 0.56875 0.1376953125 0.56875 0.150390625 0.5580078125 0.150390625 0.5482421875 0.1416015625 0.539453125
0 0.1474609375 0.558984375 0.13671875 0.5677734375 0.1328125 0.5833984375 0.1376953125 0.58828125 0.1552734375 0.58828125 0.169921875 0.5736328125 0.1611328125 0.558984375 0.1474609375 0.558984375
0 0.138671875 0.5873046875 0.13671875 0.6009765625 0.1494140625 0.61171875 0.16015625 0.5970703125 0.16015625 0.5892578125 0.1572265625 0.586328125 0.138671875 0.5873046875
0 0.1689453125 0.574609375 0.162109375 0.5814453125 0.16015625 0.5931640625 0.1630859375 0.598046875 0.1806640625 0.598046875 0.19140625 0.5912109375 0.1748046875 0.574609375 0.1689453125 0.574609375
0 0.1982421875 0.523828125 0.1923828125 0.523828125 0.1875 0.5306640625 0.185546875 0.5404296875 0.1923828125 0.555078125 0.2021484375 0.55703125 0.212890625 0.5482421875 0.2138671875 0.531640625 0.1982421875 0.523828125
0 0.197265625 0.5228515625 0.2158203125 0.531640625 0.2265625 0.5169921875 0.2177734375 0.50625 0.203125 0.5052734375 0.197265625 0.5228515625
0 0.1513671875 0.521875 0.142578125 0.5287109375 0.140625 0.5365234375 0.1533203125 0.551171875 0.162109375 0.5462890625 0.1640625 0.5267578125 0.1611328125 0.521875 0.1513671875 0.521875
0 0.1708984375 0.5296875 0.1640625 0.5326171875 0.15625 0.5560546875 0.1728515625 0.56484375 0.1826171875 0.562890625 0.189453125 0.5560546875 0.18359375 0.5326171875 0.1708984375 0.5296875
0 0.166015625 0.5130859375 0.1650390625 0.51796875 0.1845703125 0.531640625 0.1875 0.5287109375 0.189453125 0.5228515625 0.1806640625 0.50625 0.166015625 0.5130859375
0 0.67578125 0.5150390625 0.6689453125 0.504296875 0.6591796875 0.50234375 0.65234375 0.5072265625 0.646484375 0.5169921875 0.6484375 0.5267578125 0.6572265625 0.53359375 0.6630859375 0.53359375 0.673828125 0.5248046875 0.67578125 0.5150390625
0 0.705078125 0.4994140625 0.6904296875 0.488671875 0.677734375 0.4935546875 0.673828125 0.5013671875 0.67578125 0.5130859375 0.6826171875 0.519921875 0.6962890625 0.519921875 0.705078125 0.5091796875 0.705078125 0.4994140625
0 0.65625 0.4974609375 0.6455078125 0.488671875 0.6357421875 0.490625 0.62890625 0.4974609375 0.62890625 0.5072265625 0.6357421875 0.516015625 0.6455078125 0.51796875 0.654296875 0.5072265625 0.65625 0.4974609375
0 0.6376953125 0.5296875 0.6298828125 0.5296875 0.623046875 0.5345703125 0.62109375 0.5482421875 0.6259765625 0.555078125 0.6376953125 0.55703125 0.6484375 0.5423828125 0.646484375 0.5365234375 0.6376953125 0.5296875
0 0.6376953125 0.55703125 0.6259765625 0.55703125 0.62109375 0.5619140625 0.619140625 0.5755859375 0.6279296875 0.584375 0.6357421875 0.584375 0.646484375 0.5755859375 0.6484375 0.5697265625 0.6376953125 0.55703125
0 0.6611328125 0.543359375 0.6494140625 0.54140625 0.642578125 0.5482421875 0.640625 0.5599609375 0.6494140625 0.56875 0.6591796875 0.56875 0.6640625 0.5638671875 0.66796875 0.5521484375 0.6611328125 0.543359375
0 0.6865234375 0.55703125 0.6728515625 0.555078125 0.666015625 0.5619140625 0.6640625 0.5716796875 0.6708984375 0.582421875 0.6806640625 0.584375 0.689453125 0.5794921875 0.693359375 0.5658203125 0.6865234375 0.55703125
0 0.6826171875 0.5921875 0.673828125 0.5970703125 0.671875 0.6048828125 0.6787109375 0.613671875 0.6904296875 0.61171875 0.6953125 0.6048828125 0.6904296875 0.594140625 0.6826171875 0.5921875
0 0.5908203125 0.578515625 0.5732421875 0.590234375 0.57421875 0.5990234375 0.5830078125 0.605859375 0.5927734375 0.60390625 0.6015625 0.5931640625 0.599609375 0.5853515625 0.5908203125 0.578515625
0 0.3369140625 0.535546875 0.3271484375 0.5375 0.31640625 0.5501953125 0.314453125 0.5619140625 0.3251953125 0.57265625 0.3369140625 0.570703125 0.345703125 0.5580078125 0.34375 0.5443359375 0.3369140625 0.535546875
0 0.3056640625 0.4828125 0.2958984375 0.4828125 0.287109375 0.4896484375 0.287109375 0.5033203125 0.2978515625 0.512109375 0.3076171875 0.51015625 0.31640625 0.4974609375 0.3125 0.4876953125 0.3056640625 0.4828125
0 0.1923828125 0.476953125 0.1845703125 0.475 0.171875 0.4837890625 0.171875 0.4955078125 0.1787109375 0.50234375 0.1845703125 0.504296875 0.197265625 0.4974609375 0.197265625 0.4818359375 0.1923828125 0.476953125
0 0.2001953125 0.47890625 0.197265625 0.4974609375 0.2021484375 0.50234375 0.2177734375 0.500390625 0.22265625 0.4935546875 0.21875 0.4857421875 0.2001953125 0.47890625
0 0.2607421875 0.4671875 0.2509765625 0.4671875 0.23828125 0.4779296875 0.234375 0.4935546875 0.2412109375 0.50234375 0.2568359375 0.500390625 0.2734375 0.4837890625 0.271484375 0.4759765625 0.2607421875 0.4671875
0 0.2314453125 0.465234375 0.2080078125 0.461328125 0.201171875 0.4662109375 0.2001953125 0.480859375 0.2119140625 0.4828125 0.2216796875 0.492578125 0.234375 0.4857421875 0.236328125 0.4759765625 0.2314453125 0.465234375
0 0.271484375 0.4876953125 0.2734375 0.4798828125 0.2646484375 0.469140625 0.2568359375 0.4671875 0.2529296875 0.459375 0.2392578125 0.457421875 0.232421875 0.4642578125 0.236328125 0.4759765625 0.234375 0.4935546875 0.2412109375 0.50234375 0.2529296875 0.50234375 0.271484375 0.4876953125
0 0.2978515625 0.459375 0.2783203125 0.461328125 0.275390625 0.4759765625 0.2822265625 0.4828125 0.2880859375 0.484765625 0.30078125 0.4779296875 0.3046875 0.4681640625 0.2978515625 0.459375
0 0.2822265625 0.437890625 0.271484375 0.4447265625 0.26953125 0.4544921875 0.2744140625 0.46328125 0.30078125 0.4583984375 0.30078125 0.4486328125 0.2939453125 0.43984375 0.2822265625 0.437890625
0 0.3291015625 0.47109375 0.3193359375 0.469140625 0.3125 0.4759765625 0.310546875 0.4837890625 0.3173828125 0.49453125 0.3291015625 0.49453125 0.3359375 0.4876953125 0.337890625 0.4798828125 0.3291015625 0.47109375
0 0.3486328125 0.4515625 0.3388671875 0.44765625 0.326171875 0.4564453125 0.32421875 0.4662109375 0.3291015625 0.473046875 0.3408203125 0.47890625 0.353515625 0.4720703125 0.35546875 0.4603515625 0.3486328125 0.4515625
0 0.3955078125 0.43984375 0.3857421875 0.43984375 0.37890625 0.4466796875 0.376953125 0.4583984375 0.3876953125 0.469140625 0.3974609375 0.469140625 0.408203125 0.4564453125 0.40625 0.4486328125 0.3955078125 0.43984375
0 0.3486328125 0.4828125 0.337890625 0.4857421875 0.3359375 0.4955078125 0.3388671875 0.500390625 0.3466796875 0.50234375 0.35546875 0.4955078125 0.35546875 0.4896484375 0.3486328125 0.4828125
0 0.3427734375 0.51015625 0.33984375 0.5130859375 0.33984375 0.5306640625 0.3623046875 0.53359375 0.361328125 0.5130859375 0.3544921875 0.508203125 0.3427734375 0.51015625
0 0.3671875 0.5384765625 0.3623046875 0.53359375 0.3447265625 0.531640625 0.341796875 0.5345703125 0.34375 0.5521484375 0.3466796875 0.555078125 0.3603515625 0.553125 0.3671875 0.5443359375 0.3671875 0.5384765625
0 0.3798828125 0.516015625 0.3662109375 0.516015625 0.36328125 0.5326171875 0.3681640625 0.5375 0.3779296875 0.5375 0.384765625 0.5306640625 0.384765625 0.5208984375 0.3798828125 0.516015625
0 0.3662109375 0.49453125 0.361328125 0.4994140625 0.359375 0.5091796875 0.3642578125 0.516015625 0.3779296875 0.516015625 0.3828125 0.5111328125 0.3740234375 0.496484375 0.3662109375 0.49453125
0 0.3720703125 0.473046875 0.365234375 0.4798828125 0.3681640625 0.492578125 0.3779296875 0.49453125 0.392578125 0.4837890625 0.3857421875 0.473046875 0.3720703125 0.473046875
0 0.404296875 0.4935546875 0.3955078125 0.48671875 0.3837890625 0.488671875 0.375 0.4974609375 0.37890625 0.5072265625 0.3837890625 0.512109375 0.3994140625 0.51015625 0.404296875 0.5033203125 0.404296875 0.4935546875
0 0.4150390625 0.48671875 0.412109375 0.4994140625 0.4189453125 0.50625 0.43359375 0.5033203125 0.4375 0.4916015625 0.4326171875 0.484765625 0.4150390625 0.48671875
0 0.431640625 0.4662109375 0.4267578125 0.461328125 0.4150390625 0.461328125 0.408203125 0.4681640625 0.408203125 0.4818359375 0.4130859375 0.48671875 0.4306640625 0.484765625 0.43359375 0.4818359375 0.431640625 0.4662109375
0 0.4423828125 0.45546875 0.4345703125 0.45546875 0.4296875 0.4603515625 0.43359375 0.4759765625 0.4365234375 0.47890625 0.4501953125 0.476953125 0.453125 0.4642578125 0.4423828125 0.45546875
0 0.439453125 0.4427734375 0.4375 0.4544921875 0.4501953125 0.459375 0.462890625 0.4466796875 0.4541015625 0.437890625 0.4462890625 0.437890625 0.439453125 0.4427734375
0 0.4697265625 0.449609375 0.4638671875 0.44765625 0.455078125 0.4544921875 0.453125 0.4681640625 0.4560546875 0.47109375 0.4677734375 0.47109375 0.47265625 0.4662109375 0.474609375 0.4564453125 0.4697265625 0.449609375
0 0.44921875 0.5091796875 0.447265625 0.5228515625 0.4541015625 0.5296875 0.470703125 0.5267578125 0.474609375 0.5189453125 0.4716796875 0.51015625 0.44921875 0.5091796875
0 0.4677734375 0.488671875 0.451171875 0.4916015625 0.447265625 0.4994140625 0.4501953125 0.51015625 0.4716796875 0.51015625 0.474609375 0.5072265625 0.4765625 0.4994140625 0.4677734375 0.488671875
0 0.3662109375 0.3890625 0.3564453125 0.3890625 0.34765625 0.3958984375 0.34765625 0.4134765625 0.3564453125 0.4203125 0.3681640625 0.418359375 0.376953125 0.4076171875 0.373046875 0.3939453125 0.3662109375 0.3890625
0 0.4326171875 0.40859375 0.4228515625 0.406640625 0.4140625 0.4134765625 0.412109375 0.4271484375 0.4169921875 0.433984375 0.4287109375 0.4359375 0.439453125 0.4271484375 0.44140625 0.4193359375 0.4326171875 0.40859375
0 0.4091796875 0.3890625 0.4013671875 0.3890625 0.392578125 0.3958984375 0.390625 0.4056640625 0.3994140625 0.418359375 0.4111328125 0.418359375 0.421875 0.4056640625 0.41796875 0.3939453125 0.4091796875 0.3890625
0 0.2587890625 0.367578125 0.2490234375 0.365625 0.2392578125 0.36953125 0.236328125 0.3822265625 0.2451171875 0.39296875 0.2548828125 0.394921875 0.267578125 0.3841796875 0.265625 0.3744140625 0.2587890625 0.367578125
0 0.3115234375 0.35 0.3037109375 0.348046875 0.294921875 0.3529296875 0.291015625 0.3646484375 0.2998046875 0.375390625 0.3095703125 0.375390625 0.31640625 0.3705078125 0.3203125 0.3626953125 0.3115234375 0.35
0 0.318359375 0.3451171875 0.31640625 0.3548828125 0.3212890625 0.36171875 0.3271484375 0.363671875 0.337890625 0.3548828125 0.3310546875 0.3421875 0.318359375 0.3451171875
0 0.3173828125 0.2953125 0.3056640625 0.293359375 0.296875 0.3001953125 0.294921875 0.3158203125 0.3017578125 0.32265625 0.3115234375 0.324609375 0.322265625 0.3177734375 0.326171875 0.3080078125 0.3173828125 0.2953125
0 0.248046875 0.4037109375 0.2392578125 0.396875 0.2314453125 0.398828125 0.2265625 0.4037109375 0.228515625 0.4154296875 0.2333984375 0.418359375 0.2451171875 0.41640625 0.25 0.4076171875 0.248046875 0.4037109375
0 0.2451171875 0.4203125 0.2373046875 0.422265625 0.232421875 0.4291015625 0.240234375 0.4427734375 0.2509765625 0.441796875 0.255859375 0.4349609375 0.25390625 0.4271484375 0.2451171875 0.4203125
0 0.2314453125 0.428125 0.21875 0.4330078125 0.216796875 0.4486328125 0.2216796875 0.453515625 0.2333984375 0.45546875 0.240234375 0.4505859375 0.2421875 0.4408203125 0.2314453125 0.428125
0 0.2099609375 0.430078125 0.1982421875 0.428125 0.189453125 0.4349609375 0.1875 0.4447265625 0.1962890625 0.453515625 0.2080078125 0.453515625 0.21484375 0.4466796875 0.216796875 0.4408203125 0.2099609375 0.430078125
0 0.1630859375 0.4203125 0.1513671875 0.418359375 0.146484375 0.4232421875 0.142578125 0.4349609375 0.1474609375 0.441796875 0.1591796875 0.44375 0.16796875 0.4369140625 0.169921875 0.4271484375 0.1630859375 0.4203125
0 0.1484375 0.4115234375 0.1357421875 0.402734375 0.123046875 0.4095703125 0.12109375 0.4173828125 0.125 0.4271484375 0.1318359375 0.43203125 0.1396484375 0.43203125 0.146484375 0.4232421875 0.1484375 0.4115234375
0 0.1826171875 0.430078125 0.1923828125 0.43203125 0.197265625 0.4271484375 0.1962890625 0.41640625 0.1826171875 0.418359375 0.1826171875 0.430078125
0 0.2138671875 0.40859375 0.2021484375 0.410546875 0.197265625 0.4154296875 0.1953125 0.4271484375 0.1982421875 0.430078125 0.2158203125 0.43203125 0.22265625 0.4251953125 0.220703125 0.4134765625 0.2138671875 0.40859375
0 0.15234375 0.3861328125 0.1494140625 0.383203125 0.1376953125 0.38515625 0.130859375 0.3919921875 0.130859375 0.3998046875 0.1376953125 0.406640625 0.1494140625 0.40859375 0.15234375 0.4056640625 0.15234375 0.3861328125
0 0.1767578125 0.396875 0.1552734375 0.396875 0.15234375 0.4017578125 0.1494140625 0.418359375 0.1591796875 0.418359375 0.1708984375 0.42421875 0.18359375 0.4134765625 0.18359375 0.4037109375 0.1767578125 0.396875
0 0.201171875 0.3724609375 0.2021484375 0.383203125 0.216796875 0.3841796875 0.21875 0.3744140625 0.2138671875 0.36953125 0.2060546875 0.367578125 0.201171875 0.3724609375
0 0.2158203125 0.344140625 0.205078125 0.3509765625 0.203125 0.3626953125 0.2080078125 0.36953125 0.2236328125 0.3734375 0.234375 0.3626953125 0.232421875 0.3548828125 0.2158203125 0.344140625
0 0.2392578125 0.328515625 0.2275390625 0.3265625 0.21875 0.3333984375 0.216796875 0.3431640625 0.2294921875 0.35390625 0.2392578125 0.351953125 0.24609375 0.3431640625 0.24609375 0.3373046875 0.2392578125 0.328515625
0 0.1943359375 0.383203125 0.1875 0.3880859375 0.185546875 0.3978515625 0.1904296875 0.406640625 0.2119140625 0.40859375 0.220703125 0.3998046875 0.2158203125 0.387109375 0.1943359375 0.383203125
0 0.1748046875 0.35390625 0.1630859375 0.35 0.154296875 0.3548828125 0.150390625 0.3685546875 0.1552734375 0.37734375 0.1669921875 0.379296875 0.1796875 0.3724609375 0.1796875 0.3626953125 0.1748046875 0.35390625
0 0.1865234375 0.332421875 0.1787109375 0.33046875 0.169921875 0.3373046875 0.16796875 0.3490234375 0.1787109375 0.355859375 0.1884765625 0.3578125 0.19921875 0.3490234375 0.197265625 0.3392578125 0.1865234375 0.332421875
0 0.1767578125 0.355859375 0.177734375 0.3666015625 0.1826171875 0.3734375 0.1953125 0.3705078125 0.197265625 0.3587890625 0.1943359375 0.355859375 0.1767578125 0.355859375
0 0.19140625 0.3783203125 0.1884765625 0.3734375 0.1572265625 0.37734375 0.15234375 0.3822265625 0.1552734375 0.387109375 0.1669921875 0.38515625 0.1728515625 0.3890625 0.1806640625 0.3890625 0.19140625 0.3783203125
0 0.2666015625 0.308984375 0.2548828125 0.308984375 0.248046875 0.3158203125 0.24609375 0.3255859375 0.2548828125 0.33828125 0.2705078125 0.336328125 0.279296875 0.3255859375 0.275390625 0.3158203125 0.2666015625 0.308984375
0 0.203125 0.3119140625 0.1982421875 0.30703125 0.1845703125 0.30703125 0.177734375 0.3138671875 0.1796875 0.3294921875 0.1943359375 0.336328125 0.2060546875 0.332421875 0.208984375 0.3275390625 0.203125 0.3119140625
0 0.228515625 0.3001953125 0.2158203125 0.29140625 0.201171875 0.2982421875 0.19921875 0.3080078125 0.20703125 0.3255859375 0.2119140625 0.33046875 0.2236328125 0.3265625 0.23046875 0.3138671875 0.228515625 0.3001953125
0 0.263671875 0.2787109375 0.26171875 0.2865234375 0.2724609375 0.29921875 0.2861328125 0.297265625 0.29296875 0.2865234375 0.2802734375 0.271875 0.263671875 0.2787109375
0 0.2607421875 0.285546875 0.2548828125 0.281640625 0.2412109375 0.281640625 0.23046875 0.2923828125 0.2353515625 0.303125 0.2431640625 0.30703125 0.2666015625 0.30703125 0.271484375 0.3021484375 0.2607421875 0.285546875
0 0.2353515625 0.262109375 0.2255859375 0.262109375 0.216796875 0.2708984375 0.216796875 0.2806640625 0.2236328125 0.289453125 0.2314453125 0.29140625 0.244140625 0.2767578125 0.2353515625 0.262109375
0 0.2626953125 0.254296875 0.2490234375 0.254296875 0.240234375 0.2591796875 0.23828125 0.2650390625 0.2470703125 0.281640625 0.2568359375 0.281640625 0.275390625 0.2689453125 0.275390625 0.2611328125 0.2626953125 0.254296875
0 0.42578125 0.2181640625 0.4189453125 0.21328125 0.4072265625 0.21328125 0.400390625 0.2201171875 0.400390625 0.2298828125 0.4091796875 0.238671875 0.4189453125 0.238671875 0.427734375 0.2279296875 0.42578125 0.2181640625
0 0.3955078125 0.246484375 0.390625 0.2572265625 0.3974609375 0.262109375 0.4052734375 0.262109375 0.41015625 0.2533203125 0.4033203125 0.246484375 0.3955078125 0.246484375
0 0.404296875 0.2650390625 0.3974609375 0.26015625 0.3759765625 0.26015625 0.369140625 0.2669921875 0.369140625 0.2728515625 0.3837890625 0.285546875 0.3994140625 0.285546875 0.408203125 0.2748046875 0.404296875 0.2650390625
0 0.384765625 0.2962890625 0.384765625 0.2865234375 0.3642578125 0.269921875 0.3525390625 0.271875 0.34765625 0.2767578125 0.34765625 0.2845703125 0.353515625 0.2982421875 0.3623046875 0.30703125 0.3798828125 0.303125 0.384765625 0.2962890625
0 0.36328125 0.3080078125 0.361328125 0.3236328125 0.3701171875 0.33046875 0.3818359375 0.3265625 0.388671875 0.3177734375 0.3798828125 0.303125 0.36328125 0.3080078125
0 0.3515625 0.2962890625 0.349609375 0.2865234375 0.3427734375 0.281640625 0.33203125 0.2865234375 0.330078125 0.2962890625 0.337890625 0.3158203125 0.3466796875 0.324609375 0.3603515625 0.324609375 0.36328125 0.3119140625 0.3515625 0.2962890625
0 0.4951171875 0.316796875 0.4814453125 0.31484375 0.474609375 0.3197265625 0.470703125 0.3333984375 0.4755859375 0.3421875 0.4931640625 0.34609375 0.501953125 0.3373046875 0.501953125 0.3255859375 0.4951171875 0.316796875
0 0.4052734375 0.351953125 0.3994140625 0.351953125 0.392578125 0.3587890625 0.392578125 0.3724609375 0.4033203125 0.38125 0.4169921875 0.379296875 0.423828125 0.3685546875 0.4228515625 0.359765625 0.4052734375 0.351953125
0 0.4267578125 0.33046875 0.4111328125 0.33046875 0.400390625 0.3392578125 0.400390625 0.3509765625 0.4228515625 0.36171875 0.4326171875 0.359765625 0.44140625 0.3509765625 0.439453125 0.3392578125 0.4267578125 0.33046875
0 0.4404296875 0.379296875 0.4326171875 0.37734375 0.421875 0.3822265625 0.419921875 0.3958984375 0.4228515625 0.40078125 0.4365234375 0.4046875 0.443359375 0.3998046875 0.4453125 0.3841796875 0.4404296875 0.379296875
0 0.4736328125 0.3734375 0.4599609375 0.371484375 0.4453125 0.3861328125 0.4453125 0.4017578125 0.4521484375 0.406640625 0.4638671875 0.406640625 0.478515625 0.3919921875 0.48046875 0.3822265625 0.4736328125 0.3734375
0 0.494140625 0.3509765625 0.4833984375 0.344140625 0.4736328125 0.34609375 0.46875 0.3509765625 0.46875 0.3646484375 0.4775390625 0.371484375 0.4873046875 0.371484375 0.49609375 0.3626953125 0.494140625 0.3509765625
0 0.533203125 0.3255859375 0.5244140625 0.316796875 0.5087890625 0.31875 0.50390625 0.3236328125 0.505859375 0.3431640625 0.5126953125 0.348046875 0.5244140625 0.348046875 0.53515625 0.3333984375 0.533203125 0.3255859375
0 0.5732421875 0.33046875 0.5556640625 0.328515625 0.548828125 0.3353515625 0.546875 0.3470703125 0.5556640625 0.359765625 0.5634765625 0.36171875 0.576171875 0.3548828125 0.580078125 0.3412109375 0.5732421875 0.33046875
0 0.52734375 0.2806640625 0.5185546875 0.273828125 0.5048828125 0.27578125 0.498046875 0.2826171875 0.5 0.3041015625 0.5087890625 0.3109375 0.5244140625 0.308984375 0.533203125 0.2962890625 0.52734375 0.2806640625
0 0.6650390625 0.367578125 0.6494140625 0.365625 0.642578125 0.3724609375 0.640625 0.3841796875 0.6474609375 0.394921875 0.6572265625 0.396875 0.669921875 0.3880859375 0.671875 0.3783203125 0.6650390625 0.367578125
0 0.6767578125 0.396875 0.6650390625 0.394921875 0.65625 0.4017578125 0.654296875 0.4173828125 0.6611328125 0.426171875 0.6708984375 0.428125 0.68359375 0.4193359375 0.685546875 0.4076171875 0.6767578125 0.396875
0 0.5849609375 0.38125 0.5751953125 0.38125 0.568359375 0.3861328125 0.568359375 0.4056640625 0.5751953125 0.4125 0.5830078125 0.4125 0.595703125 0.3978515625 0.59375 0.3880859375 0.5849609375 0.38125
0 0.341796875 0.4134765625 0.3349609375 0.406640625 0.3232421875 0.406640625 0.3095703125 0.418359375 0.306640625 0.4349609375 0.3134765625 0.44375 0.3369140625 0.445703125 0.34375 0.4408203125 0.34765625 0.4291015625 0.341796875 0.4134765625
0 0.4853515625 0.422265625 0.4755859375 0.42421875 0.470703125 0.4291015625 0.470703125 0.4427734375 0.4775390625 0.449609375 0.4873046875 0.449609375 0.494140625 0.4291015625 0.4853515625 0.422265625
0 0.5048828125 0.430078125 0.4951171875 0.430078125 0.490234375 0.4369140625 0.48828125 0.4447265625 0.4970703125 0.45546875 0.5048828125 0.453515625 0.51171875 0.4447265625 0.51171875 0.4349609375 0.5048828125 0.430078125
0 0.6279296875 0.4515625 0.6142578125 0.449609375 0.60546875 0.4564453125 0.603515625 0.4681640625 0.6083984375 0.475 0.6259765625 0.47890625 0.6328125 0.4740234375 0.634765625 0.4603515625 0.6279296875 0.4515625
0 0.6142578125 0.410546875 0.6044921875 0.414453125 0.59375 0.4251953125 0.59375 0.4310546875 0.6025390625 0.43984375 0.6162109375 0.437890625 0.625 0.4212890625 0.6142578125 0.410546875
0 0.587890625 0.4037109375 0.583984375 0.4173828125 0.5908203125 0.426171875 0.61328125 0.4095703125 0.6025390625 0.396875 0.5966796875 0.396875 0.587890625 0.4037109375
0 0.5537109375 0.4515625 0.5458984375 0.449609375 0.537109375 0.4544921875 0.53515625 0.4701171875 0.5419921875 0.476953125 0.5517578125 0.476953125 0.560546875 0.4701171875 0.5625 0.4623046875 0.5537109375 0.4515625
0 0.7255859375 0.40859375 0.7138671875 0.40859375 0.70703125 0.4154296875 0.705078125 0.4271484375 0.7138671875 0.437890625 0.7255859375 0.437890625 0.736328125 0.4271484375 0.734375 0.4154296875 0.7255859375 0.40859375
0 0.76953125 0.4115234375 0.7607421875 0.40078125 0.7470703125 0.40078125 0.740234375 0.4076171875 0.740234375 0.4212890625 0.7470703125 0.430078125 0.7587890625 0.430078125 0.76953125 0.4193359375 0.76953125 0.4115234375
0 0.7314453125 0.469140625 0.7197265625 0.47109375 0.71484375 0.4759765625 0.71484375 0.4935546875 0.7255859375 0.500390625 0.7353515625 0.4984375 0.744140625 0.4876953125 0.740234375 0.4740234375 0.7314453125 0.469140625
0 0.6064453125 0.473046875 0.5947265625 0.47109375 0.5859375 0.4759765625 0.583984375 0.4896484375 0.5966796875 0.500390625 0.6123046875 0.4984375 0.62109375 0.4876953125 0.619140625 0.4798828125 0.6064453125 0.473046875
0 0.5732421875 0.521875 0.5634765625 0.52578125 0.560546875 0.5365234375 0.5654296875 0.543359375 0.58203125 0.5423828125 0.5859375 0.5306640625 0.5810546875 0.523828125 0.5732421875 0.521875
0 0.560546875 0.5599609375 0.5673828125 0.56484375 0.5859375 0.5521484375 0.5791015625 0.543359375 0.560546875 0.5462890625 0.560546875 0.5599609375
0 0.5908203125 0.551171875 0.5810546875 0.553125 0.568359375 0.5697265625 0.5732421875 0.574609375 0.5908203125 0.5765625 0.59765625 0.5658203125 0.595703125 0.5560546875 0.5908203125 0.551171875
0 0.564453125 0.5873046875 0.5712890625 0.594140625 0.587890625 0.5794921875 0.5791015625 0.57265625 0.56640625 0.5736328125 0.564453125 0.5873046875
0 0.4912109375 0.469140625 0.4833984375 0.47109375 0.478515625 0.4759765625 0.478515625 0.4876953125 0.4833984375 0.492578125 0.4970703125 0.490625 0.501953125 0.4779296875 0.4912109375 0.469140625
0 0.4765625 0.5169921875 0.4765625 0.5267578125 0.4951171875 0.531640625 0.49609375 0.5130859375 0.4833984375 0.51015625 0.4765625 0.5169921875
0 0.4970703125 0.512109375 0.49609375 0.5326171875 0.5107421875 0.53359375 0.515625 0.5287109375 0.515625 0.5130859375 0.5126953125 0.51015625 0.4970703125 0.512109375
0 0.4912109375 0.490625 0.4833984375 0.488671875 0.48046875 0.4935546875 0.4853515625 0.51015625 0.5078125 0.5072265625 0.505859375 0.4955078125 0.4990234375 0.48671875 0.4912109375 0.490625
0 0.5205078125 0.437890625 0.509765625 0.4447265625 0.5078125 0.4544921875 0.5107421875 0.459375 0.533203125 0.4603515625 0.53515625 0.4486328125 0.5283203125 0.43984375 0.5205078125 0.437890625
0 0.5107421875 0.47109375 0.5205078125 0.475 0.533203125 0.4720703125 0.5302734375 0.457421875 0.5107421875 0.457421875 0.5107421875 0.47109375
0 0.5107421875 0.47109375 0.50390625 0.4740234375 0.501953125 0.4896484375 0.5126953125 0.504296875 0.5185546875 0.504296875 0.529296875 0.4935546875 0.533203125 0.4779296875 0.5107421875 0.47109375
0 0.546875 0.5169921875 0.5400390625 0.508203125 0.5244140625 0.504296875 0.515625 0.5130859375 0.515625 0.5267578125 0.5322265625 0.5375 0.5458984375 0.535546875 0.55078125 0.5267578125 0.546875 0.5169921875
0 0.6025390625 0.500390625 0.59765625 0.5052734375 0.595703125 0.5189453125 0.6064453125 0.527734375 0.6162109375 0.523828125 0.623046875 0.5150390625 0.6142578125 0.500390625 0.6025390625 0.500390625
0 0.5888671875 0.49453125 0.5771484375 0.49453125 0.57421875 0.4974609375 0.576171875 0.5189453125 0.5830078125 0.519921875 0.595703125 0.5111328125 0.59765625 0.5033203125 0.5888671875 0.49453125
0 0.5673828125 0.50234375 0.552734375 0.5072265625 0.548828125 0.5169921875 0.5556640625 0.52578125 0.5615234375 0.527734375 0.57421875 0.5208984375 0.57421875 0.5091796875 0.5673828125 0.50234375
0 0.5390625 0.4798828125 0.5341796875 0.488671875 0.5576171875 0.490625 0.5625 0.4876953125 0.5625 0.4818359375 0.5556640625 0.475 0.5390625 0.4798828125
0 0.529296875 0.4916015625 0.529296875 0.5013671875 0.5419921875 0.508203125 0.556640625 0.4916015625 0.5380859375 0.4828125 0.529296875 0.4916015625
0 0.7568359375 0.543359375 0.7451171875 0.539453125 0.734375 0.5462890625 0.732421875 0.5599609375 0.7392578125 0.56875 0.7529296875 0.56875 0.759765625 0.5638671875 0.763671875 0.5541015625 0.7568359375 0.543359375
0 0.755859375 0.5755859375 0.7490234375 0.56875 0.7353515625 0.56875 0.728515625 0.5755859375 0.73046875 0.5912109375 0.7392578125 0.59609375 0.7509765625 0.594140625 0.7578125 0.5833984375 0.755859375 0.5755859375
0 0.7216796875 0.5921875 0.7138671875 0.5921875 0.70703125 0.5990234375 0.705078125 0.6068359375 0.7138671875 0.61953125 0.7275390625 0.621484375 0.736328125 0.6126953125 0.736328125 0.6029296875 0.7216796875 0.5921875
0 0.708984375 0.6146484375 0.7021484375 0.6078125 0.68359375 0.6146484375 0.681640625 0.6205078125 0.689453125 0.6380859375 0.6982421875 0.644921875 0.7060546875 0.64296875 0.712890625 0.6341796875 0.708984375 0.6146484375
0 0.7255859375 0.637109375 0.7158203125 0.637109375 0.703125 0.6498046875 0.703125 0.6634765625 0.7080078125 0.668359375 0.7216796875 0.668359375 0.732421875 0.6556640625 0.734375 0.6439453125 0.7255859375 0.637109375
0 0.4130859375 0.101953125 0.4033203125 0.1 0.388671875 0.1087890625 0.38671875 0.1244140625 0.3955078125 0.133203125 0.4052734375 0.13515625 0.41796875 0.1283203125 0.421875 0.1146484375 0.4130859375 0.101953125
0 0.4228515625 0.144921875 0.4091796875 0.146875 0.3984375 0.1537109375 0.396484375 0.1654296875 0.4052734375 0.17421875 0.4208984375 0.17421875 0.431640625 0.1654296875 0.431640625 0.1556640625 0.4228515625 0.144921875
0 0.419921875 0.1869140625 0.3994140625 0.178125 0.392578125 0.1830078125 0.388671875 0.1888671875 0.390625 0.2044921875 0.4013671875 0.211328125 0.4130859375 0.209375 0.421875 0.1986328125 0.419921875 0.1869140625
0 0.384765625 0.1810546875 0.384765625 0.1654296875 0.3720703125 0.156640625 0.3623046875 0.15859375 0.35546875 0.1654296875 0.35546875 0.1771484375 0.3681640625 0.191796875 0.3837890625 0.19375 0.388671875 0.1869140625 0.384765625 0.1810546875
0 0.38671875 0.2083984375 0.3818359375 0.195703125 0.3642578125 0.19375 0.345703125 0.1986328125 0.345703125 0.2142578125 0.3583984375 0.22109375 0.3662109375 0.2328125 0.3740234375 0.2328125 0.380859375 0.2259765625 0.38671875 0.2083984375
0 0.3564453125 0.219140625 0.3466796875 0.219140625 0.341796875 0.2240234375 0.33984375 0.2357421875 0.3466796875 0.24453125 0.3564453125 0.246484375 0.365234375 0.2396484375 0.3671875 0.2337890625 0.3564453125 0.219140625
0 0.3408203125 0.17421875 0.3291015625 0.172265625 0.318359375 0.1810546875 0.31640625 0.1888671875 0.3232421875 0.19765625 0.3369140625 0.2015625 0.345703125 0.1947265625 0.345703125 0.1791015625 0.3408203125 0.17421875
0 0.3486328125 0.195703125 0.3544921875 0.19765625 0.3671875 0.1927734375 0.3603515625 0.180078125 0.3486328125 0.180078125 0.3486328125 0.195703125
0 0.3251953125 0.19765625 0.3095703125 0.195703125 0.306640625 0.1986328125 0.3046875 0.2142578125 0.3095703125 0.219140625 0.3173828125 0.22109375 0.330078125 0.2142578125 0.330078125 0.2025390625 0.3251953125 0.19765625
0 0.2998046875 0.1859375 0.2880859375 0.1859375 0.283203125 0.1908203125 0.283203125 0.2123046875 0.2900390625 0.219140625 0.2978515625 0.219140625 0.3046875 0.2123046875 0.30859375 0.1947265625 0.2998046875 0.1859375
0 0.2685546875 0.22890625 0.2548828125 0.22890625 0.25 0.2337890625 0.25 0.2455078125 0.2587890625 0.254296875 0.2822265625 0.26015625 0.291015625 0.2513671875 0.291015625 0.2455078125 0.2685546875 0.22890625
0 0.2998046875 0.22109375 0.2802734375 0.2171875 0.2734375 0.2220703125 0.271484375 0.2298828125 0.2919921875 0.246484375 0.2978515625 0.246484375 0.306640625 0.2396484375 0.306640625 0.2279296875 0.2998046875 0.22109375
0 0.2646484375 0.203515625 0.25 0.2123046875 0.248046875 0.2220703125 0.2529296875 0.22890625 0.2666015625 0.226953125 0.28125 0.2142578125 0.2705078125 0.211328125 0.2646484375 0.203515625
0 0.28125 0.1947265625 0.2685546875 0.195703125 0.263671875 0.2005859375 0.265625 0.2083984375 0.2744140625 0.2171875 0.2802734375 0.2171875 0.283203125 0.2142578125 0.28125 0.1947265625
0 0.33984375 0.2240234375 0.3330078125 0.2171875 0.3134765625 0.223046875 0.306640625 0.2298828125 0.306640625 0.2435546875 0.3115234375 0.250390625 0.3212890625 0.25234375 0.33984375 0.2357421875 0.33984375 0.2240234375
0 0.3310546875 0.19765625 0.328125 0.2005859375 0.330078125 0.2142578125 0.3369140625 0.2171875 0.34375 0.2103515625 0.34375 0.2025390625 0.3310546875 0.19765625
0 0.44921875 0.1986328125 0.4404296875 0.18984375 0.4306640625 0.18984375 0.423828125 0.1966796875 0.427734375 0.2142578125 0.4326171875 0.219140625 0.4482421875 0.2171875 0.453125 0.2123046875 0.44921875 0.1986328125
0 0.4609375 0.2298828125 0.4501953125 0.2171875 0.43359375 0.2240234375 0.431640625 0.2357421875 0.435546875 0.2474609375 0.4443359375 0.258203125 0.4482421875 0.258203125 0.458984375 0.2435546875 0.4609375 0.2298828125
0 0.4716796875 0.24453125 0.4638671875 0.242578125 0.453125 0.2513671875 0.451171875 0.2630859375 0.4599609375 0.271875 0.4716796875 0.269921875 0.478515625 0.2611328125 0.478515625 0.2533203125 0.4716796875 0.24453125
0 0.4892578125 0.26015625 0.4833984375 0.26015625 0.474609375 0.2669921875 0.47265625 0.2787109375 0.4833984375 0.289453125 0.4931640625 0.2875 0.501953125 0.2767578125 0.5 0.2689453125 0.4892578125 0.26015625
0 0.5126953125 0.234765625 0.5029296875 0.234765625 0.49609375 0.2396484375 0.490234375 0.2513671875 0.490234375 0.2611328125 0.5029296875 0.269921875 0.515625 0.2611328125 0.51953125 0.2435546875 0.5126953125 0.234765625
0 0.49609375 0.2259765625 0.4794921875 0.209375 0.4677734375 0.207421875 0.4609375 0.2142578125 0.46484375 0.2376953125 0.4755859375 0.24453125 0.4912109375 0.242578125 0.49609375 0.2376953125 0.49609375 0.2259765625
0 0.5498046875 0.19765625 0.5419921875 0.195703125 0.533203125 0.2025390625 0.53125 0.2181640625 0.5361328125 0.225 0.5478515625 0.225 0.556640625 0.2181640625 0.55859375 0.2083984375 0.5498046875 0.19765625
0 0.5263671875 0.195703125 0.5205078125 0.19765625 0.517578125 0.2005859375 0.517578125 0.2181640625 0.5283203125 0.22109375 0.533203125 0.2162109375 0.53515625 0.2044921875 0.5263671875 0.195703125
0 0.494140625 0.2259765625 0.4990234375 0.234765625 0.513671875 0.2318359375 0.5146484375 0.22109375 0.4951171875 0.219140625 0.494140625 0.2259765625
0 0.517578125 0.2005859375 0.5048828125 0.1859375 0.4951171875 0.1859375 0.48828125 0.1966796875 0.486328125 0.2103515625 0.49609375 0.2240234375 0.49609375 0.2298828125 0.5087890625 0.2328125 0.517578125 0.2162109375 0.517578125 0.2005859375
0 0.4814453125 0.1703125 0.46875 0.1732421875 0.466796875 0.1830078125 0.470703125 0.1908203125 0.4853515625 0.199609375 0.494140625 0.1888671875 0.4921875 0.1791015625 0.4814453125 0.1703125
0 0.4619140625 0.16640625 0.4541015625 0.164453125 0.4462890625 0.168359375 0.443359375 0.1732421875 0.4501953125 0.187890625 0.4619140625 0.187890625 0.466796875 0.1830078125 0.466796875 0.1712890625 0.4619140625 0.16640625
0 0.4296875 0.1712890625 0.427734375 0.1830078125 0.4404296875 0.18984375 0.447265625 0.1830078125 0.4453125 0.1732421875 0.4404296875 0.168359375 0.4296875 0.1712890625
0 0.45703125 0.1361328125 0.4443359375 0.129296875 0.431640625 0.1341796875 0.4296875 0.1517578125 0.43359375 0.1654296875 0.4462890625 0.168359375 0.4541015625 0.164453125 0.458984375 0.1537109375 0.45703125 0.1361328125
0 0.4814453125 0.12734375 0.474609375 0.1322265625 0.4736328125 0.148828125 0.4931640625 0.152734375 0.498046875 0.1498046875 0.5 0.1439453125 0.4912109375 0.129296875 0.4814453125 0.12734375
0 0.45703125 0.1439453125 0.455078125 0.1634765625 0.4697265625 0.1703125 0.47265625 0.1673828125 0.470703125 0.1458984375 0.4638671875 0.141015625 0.45703125 0.1439453125
0 0.4970703125 0.144921875 0.47265625 0.1458984375 0.470703125 0.1537109375 0.474609375 0.1673828125 0.4931640625 0.176171875 0.501953125 0.1673828125 0.5 0.1478515625 0.4970703125 0.144921875
0 0.5146484375 0.12734375 0.501953125 0.1322265625 0.5 0.1439453125 0.5068359375 0.152734375 0.5185546875 0.152734375 0.52734375 0.1439453125 0.5234375 0.1341796875 0.5146484375 0.12734375
0 0.4931640625 0.1 0.486328125 0.1068359375 0.484375 0.1185546875 0.4931640625 0.129296875 0.509765625 0.1263671875 0.509765625 0.1029296875 0.5048828125 0.098046875 0.4931640625 0.1
0 0.53125 0.1048828125 0.5244140625 0.09609375 0.5087890625 0.09609375 0.505859375 0.0990234375 0.509765625 0.1146484375 0.505859375 0.1263671875 0.5205078125 0.125390625 0.53125 0.1126953125 0.53125 0.1048828125
0 0.5380859375 0.113671875 0.5322265625 0.113671875 0.5234375 0.1224609375 0.521484375 0.1302734375 0.5283203125 0.141015625 0.5419921875 0.1390625 0.548828125 0.1302734375 0.548828125 0.1224609375 0.5380859375 0.113671875
0 0.5634765625 0.1234375 0.5517578125 0.125390625 0.546875 0.1322265625 0.546875 0.1439453125 0.5576171875 0.156640625 0.5673828125 0.1546875 0.576171875 0.1439453125 0.57421875 0.1322265625 0.5634765625 0.1234375
0 0.5400390625 0.1390625 0.53125 0.1458984375 0.529296875 0.1517578125 0.5361328125 0.164453125 0.5517578125 0.164453125 0.556640625 0.1595703125 0.5458984375 0.1390625 0.5400390625 0.1390625
0 0.5537109375 0.164453125 0.53515625 0.1673828125 0.533203125 0.1771484375 0.5419921875 0.187890625 0.5517578125 0.187890625 0.55859375 0.1830078125 0.560546875 0.1712890625 0.5537109375 0.164453125
0 0.59765625 0.1888671875 0.5849609375 0.178125 0.5751953125 0.180078125 0.568359375 0.1869140625 0.568359375 0.1986328125 0.5771484375 0.207421875 0.5888671875 0.207421875 0.59765625 0.1966796875 0.59765625 0.1888671875
0 0.5927734375 0.219140625 0.587890625 0.2220703125 0.583984375 0.2357421875 0.5888671875 0.24453125 0.6025390625 0.246484375 0.61328125 0.2357421875 0.6044921875 0.22109375 0.5927734375 0.219140625
0 0.6044921875 0.250390625 0.5927734375 0.250390625 0.5859375 0.2572265625 0.583984375 0.2650390625 0.5927734375 0.2796875 0.6025390625 0.2796875 0.615234375 0.2689453125 0.611328125 0.2552734375 0.6044921875 0.250390625
0 0.6474609375 0.2796875 0.6376953125 0.281640625 0.62890625 0.2904296875 0.626953125 0.3021484375 0.6357421875 0.31484375 0.6416015625 0.31484375 0.658203125 0.3001953125 0.65625 0.2884765625 0.6474609375 0.2796875
0 0.6630859375 0.301171875 0.6552734375 0.301171875 0.642578125 0.3177734375 0.6513671875 0.328515625 0.6611328125 0.328515625 0.66796875 0.3236328125 0.671875 0.3119140625 0.6630859375 0.301171875
0 0.6103515625 0.16640625 0.6015625 0.1712890625 0.6015625 0.1888671875 0.6064453125 0.19375 0.6181640625 0.195703125 0.625 0.1830078125 0.623046875 0.1693359375 0.6103515625 0.16640625
0 0.6318359375 0.15859375 0.625 0.1634765625 0.623046875 0.1732421875 0.6298828125 0.1859375 0.650390625 0.1830078125 0.654296875 0.1712890625 0.6455078125 0.15859375 0.6318359375 0.15859375
0 0.6494140625 0.183984375 0.6337890625 0.1859375 0.626953125 0.1927734375 0.625 0.1966796875 0.62890625 0.2044921875 0.6357421875 0.209375 0.650390625 0.2064453125 0.65234375 0.1888671875 0.6494140625 0.183984375
0 0.63671875 0.2162109375 0.6279296875 0.211328125 0.6162109375 0.195703125 0.6025390625 0.195703125 0.595703125 0.2025390625 0.59765625 0.2181640625 0.6181640625 0.234765625 0.6318359375 0.234765625 0.638671875 0.2279296875 0.63671875 0.2162109375
0 0.654296875 0.2435546875 0.6494140625 0.238671875 0.6396484375 0.238671875 0.6328125 0.2455078125 0.6328125 0.2572265625 0.6396484375 0.2640625 0.6494140625 0.2640625 0.65625 0.2572265625 0.654296875 0.2435546875
0 0.6806640625 0.26015625 0.6640625 0.2630859375 0.662109375 0.2728515625 0.6689453125 0.281640625 0.6787109375 0.281640625 0.6875 0.2728515625 0.685546875 0.2630859375 0.6806640625 0.26015625
0 0.7001953125 0.269921875 0.6904296875 0.271875 0.685546875 0.2767578125 0.6875 0.2904296875 0.7041015625 0.293359375 0.7109375 0.2845703125 0.708984375 0.2767578125 0.7001953125 0.269921875
0 0.705078125 0.2962890625 0.6982421875 0.29140625 0.6884765625 0.29140625 0.681640625 0.2982421875 0.681640625 0.3060546875 0.6884765625 0.31484375 0.6962890625 0.31484375 0.703125 0.3080078125 0.705078125 0.2962890625
0 0.6923828125 0.32265625 0.6787109375 0.32265625 0.671875 0.3294921875 0.669921875 0.3412109375 0.6767578125 0.351953125 0.6982421875 0.355859375 0.7109375 0.3451171875 0.708984375 0.3333984375 0.6923828125 0.32265625
0 0.7158203125 0.312890625 0.697265625 0.3158203125 0.6953125 0.3236328125 0.7080078125 0.334375 0.7177734375 0.332421875 0.72265625 0.3255859375 0.720703125 0.3158203125 0.7158203125 0.312890625
0 0.7080078125 0.297265625 0.705078125 0.3001953125 0.7021484375 0.312890625 0.7177734375 0.316796875 0.72265625 0.3138671875 0.724609375 0.3080078125 0.7197265625 0.29921875 0.7080078125 0.297265625
0 0.7431640625 0.27578125 0.7314453125 0.27578125 0.7265625 0.2806640625 0.724609375 0.2943359375 0.7294921875 0.301171875 0.7392578125 0.303125 0.748046875 0.2982421875 0.751953125 0.2845703125 0.7431640625 0.27578125
0 0.677734375 0.1908203125 0.67578125 0.1791015625 0.6689453125 0.17421875 0.6591796875 0.17421875 0.650390625 0.1849609375 0.65234375 0.1947265625 0.6484375 0.2103515625 0.6552734375 0.2171875 0.6689453125 0.2171875 0.673828125 0.2103515625 0.677734375 0.1908203125
0 0.7236328125 0.195703125 0.7080078125 0.19765625 0.7060546875 0.20546875 0.7138671875 0.20546875 0.7275390625 0.219140625 0.73046875 0.2162109375 0.732421875 0.2044921875 0.7236328125 0.195703125
0 0.7236328125 0.215234375 0.7099609375 0.215234375 0.70703125 0.2337890625 0.7158203125 0.242578125 0.7255859375 0.242578125 0.732421875 0.2357421875 0.732421875 0.2240234375 0.7236328125 0.215234375
0 0.6552734375 0.219140625 0.6484375 0.2240234375 0.646484375 0.2357421875 0.6611328125 0.24453125 0.671875 0.2396484375 0.677734375 0.2220703125 0.6689453125 0.2171875 0.6552734375 0.219140625
0 0.6904296875 0.225 0.6865234375 0.230859375 0.673828125 0.2357421875 0.6669921875 0.26015625 0.6884765625 0.262109375 0.697265625 0.2572265625 0.705078125 0.2396484375 0.6982421875 0.230859375 0.6904296875 0.225
0 0.7451171875 0.240625 0.734375 0.2455078125 0.734375 0.2611328125 0.7431640625 0.269921875 0.7509765625 0.269921875 0.7578125 0.2650390625 0.75390625 0.2494140625 0.7451171875 0.240625
0 0.7744140625 0.355859375 0.7646484375 0.355859375 0.7578125 0.3626953125 0.75390625 0.3724609375 0.7607421875 0.38125 0.7666015625 0.383203125 0.77734375 0.3783203125 0.78125 0.3666015625 0.7744140625 0.355859375
0 0.7587890625 0.344140625 0.7451171875 0.344140625 0.73828125 0.3509765625 0.73828125 0.3607421875 0.7470703125 0.371484375 0.7529296875 0.371484375 0.765625 0.3529296875 0.7587890625 0.344140625
0 0.5341796875 0.398828125 0.525390625 0.4017578125 0.51953125 0.4095703125 0.51953125 0.4212890625 0.5302734375 0.426171875 0.541015625 0.4193359375 0.54296875 0.4076171875 0.5341796875 0.398828125
0 0.4990234375 0.383203125 0.490234375 0.3919921875 0.490234375 0.3998046875 0.5087890625 0.406640625 0.513671875 0.4017578125 0.515625 0.3880859375 0.4990234375 0.383203125
0 0.486328125 0.4193359375 0.4990234375 0.426171875 0.5078125 0.4115234375 0.4912109375 0.40078125 0.486328125 0.4056640625 0.486328125 0.4193359375
0 0.5 0.4095703125 0.498046875 0.4271484375 0.5107421875 0.433984375 0.5166015625 0.43203125 0.51953125 0.4193359375 0.5107421875 0.410546875 0.5 0.4095703125
0 0.529296875 0.3958984375 0.5107421875 0.38515625 0.50390625 0.3861328125 0.505859375 0.3958984375 0.5009765625 0.396875 0.5 0.4017578125 0.5126953125 0.4125 0.5185546875 0.4125 0.529296875 0.3958984375
0 0.771484375 0.4876953125 0.7666015625 0.4828125 0.7509765625 0.4828125 0.74609375 0.4876953125 0.74609375 0.4994140625 0.7548828125 0.50625 0.7666015625 0.504296875 0.7734375 0.4935546875 0.771484375 0.4876953125
0 0.7646484375 0.461328125 0.7548828125 0.46328125 0.75 0.4681640625 0.75 0.4798828125 0.7705078125 0.484765625 0.775390625 0.4779296875 0.7734375 0.4662109375 0.7646484375 0.461328125
0 0.7646484375 0.4359375 0.7578125 0.4408203125 0.7578125 0.4583984375 0.7744140625 0.46328125 0.78125 0.4544921875 0.78125 0.4408203125 0.7763671875 0.4359375 0.7646484375 0.4359375
0 0.8017578125 0.445703125 0.798828125 0.4505859375 0.794921875 0.4642578125 0.8017578125 0.469140625 0.8134765625 0.4671875 0.82421875 0.4583984375 0.8173828125 0.445703125 0.8017578125 0.445703125
0 0.810546875 0.4876953125 0.7998046875 0.480859375 0.78515625 0.4896484375 0.783203125 0.5013671875 0.787109375 0.5111328125 0.7919921875 0.516015625 0.8037109375 0.516015625 0.8125 0.5052734375 0.810546875 0.4876953125
0 0.798828125 0.4759765625 0.7919921875 0.4671875 0.78125 0.4681640625 0.77734375 0.4740234375 0.77734375 0.4876953125 0.7822265625 0.4984375 0.78125 0.4916015625 0.7978515625 0.4828125 0.798828125 0.4759765625
0 0.779296875 0.4642578125 0.7958984375 0.4671875 0.802734375 0.4408203125 0.7939453125 0.433984375 0.78125 0.4388671875 0.779296875 0.4642578125
0 0.8193359375 0.379296875 0.8017578125 0.38125 0.79296875 0.3900390625 0.79296875 0.4017578125 0.8076171875 0.410546875 0.826171875 0.3958984375 0.826171875 0.3880859375 0.8193359375 0.379296875
0 0.8349609375 0.31875 0.8232421875 0.316796875 0.814453125 0.3216796875 0.810546875 0.3373046875 0.8173828125 0.34609375 0.8310546875 0.348046875 0.841796875 0.3392578125 0.84375 0.3294921875 0.8349609375 0.31875
0 0.7724609375 0.303125 0.7646484375 0.303125 0.7578125 0.3080078125 0.7578125 0.3255859375 0.7646484375 0.33046875 0.7724609375 0.33046875 0.78125 0.3119140625 0.779296875 0.3080078125 0.7724609375 0.303125
0 0.7958984375 0.312890625 0.7861328125 0.308984375 0.7802734375 0.3109375 0.775390625 0.3197265625 0.7734375 0.3314453125 0.7783203125 0.336328125 0.7822265625 0.33828125 0.798828125 0.3314453125 0.80078125 0.3216796875 0.7958984375 0.312890625
0 0.791015625 0.2923828125 0.7822265625 0.28359375 0.7724609375 0.281640625 0.767578125 0.2865234375 0.767578125 0.2982421875 0.7744140625 0.305078125 0.7861328125 0.305078125 0.79296875 0.2962890625 0.791015625 0.2923828125
0 0.755859375 0.2748046875 0.7607421875 0.2796875 0.7734375 0.2767578125 0.7626953125 0.2640625 0.7568359375 0.2640625 0.755859375 0.2748046875
0 0.8359375 0.4056640625 0.8271484375 0.398828125 0.8193359375 0.40078125 0.8125 0.4076171875 0.814453125 0.4251953125 0.8193359375 0.430078125 0.8369140625 0.428125 0.83984375 0.4232421875 0.8359375 0.4056640625
0 0.806640625 0.3548828125 0.8017578125 0.35 0.78125 0.3548828125 0.779296875 0.3626953125 0.7861328125 0.375390625 0.7919921875 0.379296875 0.8037109375 0.379296875 0.80859375 0.3744140625 0.806640625 0.3548828125
0 0.8076171875 0.348046875 0.806640625 0.3763671875 0.8173828125 0.37734375 0.826171875 0.3685546875 0.826171875 0.3587890625 0.8173828125 0.35 0.8076171875 0.348046875
0 0.78125 0.3392578125 0.779296875 0.3451171875 0.7841796875 0.35390625 0.7958984375 0.351953125 0.806640625 0.3431640625 0.7978515625 0.33046875 0.78125 0.3392578125
0 0.8251953125 0.271875 0.8212890625 0.271875 0.8125 0.2826171875 0.810546875 0.2943359375 0.8154296875 0.29921875 0.8271484375 0.29921875 0.8359375 0.2884765625 0.833984375 0.2787109375 0.8251953125 0.271875
0 0.802734375 0.2650390625 0.7919921875 0.262109375 0.783203125 0.2669921875 0.78125 0.2767578125 0.7890625 0.2904296875 0.7939453125 0.2953125 0.8056640625 0.293359375 0.80859375 0.2826171875 0.802734375 0.2650390625
0 0.7822265625 0.2328125 0.7685546875 0.230859375 0.76171875 0.2357421875 0.759765625 0.2455078125 0.7666015625 0.254296875 0.7783203125 0.26015625 0.787109375 0.2533203125 0.7890625 0.2435546875 0.7822265625 0.2328125
0 0.7548828125 0.219140625 0.7412109375 0.219140625 0.736328125 0.2240234375 0.734375 0.2318359375 0.73828125 0.2396484375 0.7451171875 0.242578125 0.7548828125 0.242578125 0.763671875 0.2318359375 0.7548828125 0.219140625
0 0.7958984375 0.57265625 0.7861328125 0.57265625 0.77734375 0.5873046875 0.775390625 0.5970703125 0.7822265625 0.605859375 0.7880859375 0.6078125 0.80078125 0.6009765625 0.802734375 0.5794921875 0.7958984375 0.57265625
0 0.8251953125 0.55703125 0.8154296875 0.555078125 0.810546875 0.5580078125 0.80859375 0.5716796875 0.8115234375 0.574609375 0.8232421875 0.5765625 0.830078125 0.5697265625 0.830078125 0.5619140625 0.8251953125 0.55703125
0 0.830078125 0.6244140625 0.8232421875 0.61953125 0.8134765625 0.61953125 0.802734375 0.6263671875 0.8046875 0.6537109375 0.8134765625 0.6625 0.8232421875 0.660546875 0.830078125 0.6498046875 0.833984375 0.6322265625 0.830078125 0.6244140625
0 0.8134765625 0.676171875 0.8037109375 0.676171875 0.787109375 0.6888671875 0.779296875 0.7044921875 0.7822265625 0.715234375 0.8056640625 0.711328125 0.82421875 0.6947265625 0.82421875 0.6869140625 0.8134765625 0.676171875
0 0.7392578125 0.67421875 0.728515625 0.6830078125 0.7265625 0.6947265625 0.7373046875 0.703515625 0.7451171875 0.703515625 0.755859375 0.6888671875 0.7451171875 0.67421875 0.7392578125 0.67421875
0 0.7568359375 0.66640625 0.7470703125 0.668359375 0.7421875 0.6771484375 0.7548828125 0.68984375 0.765625 0.6830078125 0.767578125 0.6751953125 0.7626953125 0.6703125 0.7568359375 0.66640625
0 0.7724609375 0.613671875 0.7578125 0.6166015625 0.755859375 0.6302734375 0.7626953125 0.637109375 0.7861328125 0.641015625 0.7890625 0.6380859375 0.7822265625 0.61953125 0.7724609375 0.613671875
0 0.7578125 0.6419921875 0.755859375 0.6498046875 0.7587890625 0.6546875 0.7763671875 0.6546875 0.787109375 0.6400390625 0.7626953125 0.637109375 0.7578125 0.6419921875
0 0.78125 0.65140054375 0.7607421875 0.64847085625 0.7578125 0.65140054375 0.7578125 0.66897866875 0.7666015625 0.67581460625 0.7724609375 0.67581460625 0.77734375 0.67093179375 0.78125 0.65140054375
0 0.7958984375 0.641015625 0.7900390625 0.641015625 0.78125 0.6498046875 0.77734375 0.6576171875 0.7802734375 0.672265625 0.8037109375 0.67421875 0.814453125 0.6634765625 0.80859375 0.6517578125 0.7958984375 0.641015625
0 0.8291015625 0.5921875 0.8203125 0.5951171875 0.8203125 0.6146484375 0.8232421875 0.617578125 0.8349609375 0.615625 0.83984375 0.6087890625 0.83984375 0.6009765625 0.8291015625 0.5921875
0 0.8115234375 0.574609375 0.8037109375 0.578515625 0.802734375 0.5931640625 0.8076171875 0.598046875 0.8154296875 0.598046875 0.822265625 0.5912109375 0.822265625 0.5775390625 0.8115234375 0.574609375
0 0.8369140625 0.566796875 0.826171875 0.5716796875 0.822265625 0.5794921875 0.8251953125 0.590234375 0.8427734375 0.5921875 0.849609375 0.5853515625 0.849609375 0.5775390625 0.8369140625 0.566796875
0 0.859375 0.5326171875 0.8505859375 0.521875 0.8310546875 0.52578125 0.82421875 0.5326171875 0.82421875 0.5423828125 0.8291015625 0.54921875 0.8388671875 0.551171875 0.857421875 0.5404296875 0.859375 0.5326171875
0 0.8232421875 0.473046875 0.81640625 0.4798828125 0.81640625 0.4876953125 0.8232421875 0.496484375 0.8291015625 0.496484375 0.837890625 0.4779296875 0.8232421875 0.473046875
0 0.8427734375 0.475 0.84765625 0.4642578125 0.826171875 0.4544921875 0.82421875 0.4720703125 0.8427734375 0.475
0 0.890625 0.4427734375 0.8857421875 0.437890625 0.8720703125 0.437890625 0.865234375 0.4447265625 0.865234375 0.4583984375 0.8740234375 0.465234375 0.8876953125 0.46328125 0.892578125 0.4564453125 0.890625 0.4427734375
0 0.8681640625 0.40859375 0.8603515625 0.406640625 0.853515625 0.4134765625 0.8515625 0.4291015625 0.8583984375 0.4359375 0.8681640625 0.433984375 0.875 0.4271484375 0.875 0.4173828125 0.8681640625 0.40859375
0 0.8642578125 0.4359375 0.875 0.4251953125 0.87109375 0.4115234375 0.8525390625 0.40078125 0.8193359375 0.40078125 0.8125 0.4076171875 0.8125 0.4212890625 0.8212890625 0.430078125 0.8466796875 0.428125 0.8564453125 0.4359375 0.8642578125 0.4359375
0 0.857421875 0.4525390625 0.857421875 0.4388671875 0.8447265625 0.428125 0.8310546875 0.43203125 0.826171875 0.4388671875 0.82421875 0.4740234375 0.81640625 0.4857421875 0.8232421875 0.49453125 0.83203125 0.4916015625 0.833984375 0.4837890625 0.857421875 0.4525390625
0 0.8544921875 0.475 0.8447265625 0.475 0.833984375 0.4837890625 0.83203125 0.4935546875 0.837890625 0.5052734375 0.8505859375 0.51015625 0.861328125 0.4955078125 0.861328125 0.4798828125 0.8544921875 0.475
0 0.8916015625 0.5140625 0.89453125 0.5072265625 0.888671875 0.4759765625 0.8798828125 0.469140625 0.8740234375 0.469140625 0.865234375 0.4759765625 0.86328125 0.4916015625 0.849609375 0.5111328125 0.8515625 0.5189453125 0.8603515625 0.52578125 0.8759765625 0.5140625 0.8916015625 0.5140625
0 0.7548828125 0.740625 0.7470703125 0.740625 0.7451171875 0.734765625 0.7373046875 0.734765625 0.732421875 0.7396484375 0.73046875 0.7533203125 0.7333984375 0.758203125 0.7470703125 0.7640625 0.759765625 0.7611328125 0.763671875 0.7513671875 0.7548828125 0.740625
0 0.7041015625 0.7328125 0.69921875 0.7435546875 0.7138671875 0.758203125 0.73046875 0.7572265625 0.73046875 0.7396484375 0.7216796875 0.72890625 0.7041015625 0.7328125
0 0.708984375 0.7572265625 0.708984375 0.7513671875 0.6923828125 0.73671875 0.6630859375 0.73671875 0.66015625 0.7533203125 0.6728515625 0.758203125 0.677734375 0.7689453125 0.6845703125 0.773828125 0.6962890625 0.773828125 0.708984375 0.7572265625
0 0.6552734375 0.7328125 0.62890625 0.7396484375 0.626953125 0.7474609375 0.6318359375 0.754296875 0.6552734375 0.758203125 0.66015625 0.7513671875 0.66015625 0.7376953125 0.6552734375 0.7328125
0 0.7294921875 0.709375 0.724609375 0.7201171875 0.7275390625 0.725 0.7353515625 0.726953125 0.740234375 0.7240234375 0.740234375 0.7123046875 0.7294921875 0.709375