0 0.571875 0.43125 0.053125 0.040625
0 0.7640625 0.5203125 0.034375 0.0296875
0 0.796875 0.4953125 0.0234375 0.0234375
0 0.559375 0.603125 0.021875 0.0203125
0 0.6015625 0.5046875 0.034375 0.034375
0 0.8890625 0.359375 0.0265625 0.028125
0 0.8453125 0.2984375 0.04375 0.0375
0 0.590625 0.259375 0.04375 0.040625
0 0.5625 0.2140625 0.034375 0.0296875
0 0.546875 0.2953125 0.03125 0.0265625
0 0.6828125 0.1640625 0.0328125 0.040625
0 0.73125 0.18125 0.0296875 0.0328125
0 0.5078125 0.14375 0.040625 0.0359375
0 0.778125 0.2328125 0.040625 0.0390625
0 0.6734375 0.4046875 0.0453125 0.04375