0 0.546875 0.41875 0.0296875 0.0296875
0 0.5828125 0.49375 0.040625 0.0390625
0 0.5390625 0.590625 0.0234375 0.021875
0 0.7453125 0.5078125 0.03125 0.0296875
0 0.78125 0.4796875 0.0296875 0.021875
0 0.7875 0.5359375 0.0203125 0.015625
0 0.6546875 0.39375 0.0359375 0.0375
0 0.690625 0.446875 0.021875 0.01875
0 0.834375 0.2796875 0.0375 0.034375
0 0.8734375 0.34375 0.03125 0.0265625
0 0.83125 0.24375 0.0203125 0.0203125
0 0.665625 0.1453125 0.0421875 0.0421875
0 0.7140625 0.165625 0.0359375 0.03125
0 0.575 0.24375 0.040625 0.0359375
0 0.5453125 0.2015625 0.034375 0.03125
0 0.4859375 0.128125 0.03125 0.034375
0 0.7609375 0.2171875 0.04375 0.04375
0 0.565625 0.4140625 0.01875 0.0203125