0 0.6984375 0.4203125 0.0265625 0.025
0 0.65625 0.45625 0.040625 0.03125
0 0.6984375 0.4890625 0.0234375 0.021875
0 0.4609375 0.3796875 0.05 0.046875
0 0.496875 0.16875 0.046875 0.0453125
0 0.5359375 0.128125 0.0515625 0.040625
0 0.46875 0.1296875 0.040625 0.0359375
0 0.4203125 0.0671875 0.034375 0.034375
0 0.596875 0.0328125 0.046875 0.0421875
0 0.6609375 0.046875 0.04375 0.04375
0 0.790625 0.1625 0.0484375 0.0484375
0 0.7875 0.109375 0.0265625 0.0296875
0 0.8296875 0.228125 0.0359375 0.0375
0 0.859375 0.3375 0.0296875 0.0265625
0 0.4265625 0.58125 0.021875 0.021875
0 0.4421875 0.6015625 0.04375 0.0421875
0 0.478125 0.4640625 0.0390625 0.0328125
0 0.6 0.39375 0.0265625 0.025
0 0.5703125 0.334375 0.053125 0.0453125