0 0.590625 0.253125 0.04375 0.0421875
0 0.5578125 0.1984375 0.0359375 0.034375
0 0.4984375 0.109375 0.0453125 0.0390625
0 0.6765625 0.1640625 0.0453125 0.04375
0 0.7203125 0.190625 0.0375 0.034375
0 0.8296875 0.3390625 0.0421875 0.0453125
0 0.825 0.29375 0.025 0.0203125
0 0.865625 0.4078125 0.03125 0.0296875
0 0.7859375 0.5359375 0.0265625 0.0234375
0 0.759375 0.559375 0.034375 0.0375
0 0.5640625 0.6296875 0.0265625 0.021875
0 0.565625 0.4390625 0.03125 0.0328125
0 0.5859375 0.4375 0.028125 0.0296875
0 0.66875 0.428125 0.0390625 0.034375
0 0.603125 0.5296875 0.040625 0.04375
0 0.7046875 0.49375 0.03125 0.021875
0 0.275 0.3578125 0.025 0.021875
0 0.5390625 0.2875 0.0390625 0.0359375