0 0.5625 0.16875 0.0453125 0.0453125
0 0.5296875 0.109375 0.0359375 0.0421875
0 0.5140625 0.2234375 0.03125 0.0328125
0 0.4546875 0.021875 0.03125 0.0375
0 0.6609375 0.0359375 0.0453125 0.0421875
0 0.715625 0.0546875 0.0390625 0.0359375
0 0.8375 0.209375 0.0453125 0.046875
0 0.8421875 0.153125 0.021875 0.0234375
0 0.8796875 0.2875 0.0390625 0.034375
0 0.778125 0.4515625 0.0265625 0.028125
0 0.74375 0.4859375 0.03125 0.0296875
0 0.5375 0.390625 0.028125 0.0234375
0 0.5546875 0.3828125 0.0234375 0.021875
0 0.65 0.3515625 0.0328125 0.028125
0 0.5359375 0.5890625 0.021875 0.021875
0 0.5 0.60625 0.065625 0.0609375
0 0.24375 0.3640625 0.015625 0.0171875
0 0.371875 0.18125 0.0171875 0.01875
0 0.4359375 0.1265625 0.0125 0.0125
0 0.7671875 0.125 0.0484375 0.0453125