0 0.8078125 0.6625 0.0421875 0.0359375
0 0.5203125 0.6765625 0.0203125 0.0234375
0 0.4796875 0.65 0.0375 0.0328125
0 0.509375 0.48125 0.0453125 0.046875
0 0.4390625 0.5234375 0.0359375 0.025
0 0.3328125 0.5265625 0.021875 0.0203125
0 0.6546875 0.4078125 0.04375 0.03125
0 0.7265625 0.43125 0.0453125 0.0375
0 0.7703125 0.3890625 0.0375 0.0375
0 0.4453125 0.2859375 0.01875 0.0171875
0 0.9125 0.5125 0.0421875 0.0375
0 0.9015625 0.4546875 0.046875 0.0421875
0 0.8625 0.571875 0.0375 0.0359375
0 0.825 0.3171875 0.0359375 0.03125
0 0.6328125 0.7828125 0.028125 0.0296875
0 0.7421875 0.7265625 0.034375 0.03125
0 0.578125 0.5484375 0.0359375 0.0390625