0 0.3546875 0.46875 0.01875 0.0203125
0 0.5203125 0.3921875 0.0265625 0.028125
0 0.5234375 0.584375 0.034375 0.028125
0 0.5671875 0.6 0.0234375 0.025
0 0.8265625 0.5578125 0.0359375 0.0359375
0 0.9046875 0.3953125 0.040625 0.04375
0 0.89375 0.340625 0.0484375 0.0484375
0 0.725 0.3234375 0.05 0.04375
0 0.6578125 0.3046875 0.0375 0.0328125
0 0.759375 0.2703125 0.0375 0.034375
0 0.4234375 0.1703125 0.0234375 0.0203125
0 0.8578125 0.6359375 0.03125 0.025
0 0.7703125 0.6265625 0.0453125 0.0375
0 0.875 0.5359375 0.028125 0.0296875
0 0.8640625 0.4625 0.0359375 0.0328125
0 0.303125 0.4875 0.05625 0.05625
0 0.53125 0.40625 0.0234375 0.021875