0 0.709375 0.3015625 0.05625 0.0578125
0 0.6265625 0.290625 0.0421875 0.0375
0 0.4625 0.415625 0.053125 0.0453125
0 0.3859375 0.4828125 0.040625 0.0375
0 0.5375 0.478125 0.0453125 0.040625
0 0.75625 0.2375 0.0453125 0.040625
0 0.9546875 0.3578125 0.0421875 0.04375
0 0.934375 0.29375 0.0703125 0.0609375
0 0.8296875 0.128125 0.0453125 0.0375
0 0.484375 0.54375 0.0265625 0.0265625
0 0.440625 0.628125 0.0375 0.0375
0 0.484375 0.646875 0.028125 0.0265625
0 0.421875 0.684375 0.028125 0.025
0 0.6171875 0.759375 0.03125 0.03125
0 0.7453125 0.66875 0.0375 0.034375
0 0.8203125 0.58125 0.059375 0.046875
0 0.8828125 0.4546875 0.034375 0.0265625
0 0.271875 0.5265625 0.05625 0.0453125