0 0.4568359375 0.7167968765625 0.4636718765625 0.6982421875 0.4548828125 0.69140625 0.4441406234375 0.6962890625 0.4402343765625 0.7119140625 0.4568359375 0.7167968765625
0 0.4333984375 0.6875 0.4265625 0.7021484375 0.4392578125 0.7089843765625 0.44609375 0.6904296875 0.4333984375 0.6875
0 0.6765625 0.5751953125 0.6814453125 0.59375 0.7019531234375 0.5888671875 0.6990234375 0.57421875 0.6765625 0.5751953125
0 0.6394531234375 0.5263671875 0.6462890625 0.54296875 0.6609375 0.5341796875 0.6521484375 0.5214843765625 0.6394531234375 0.5263671875
0 0.5740234375 0.5253906234375 0.5798828125 0.546875 0.59453125 0.5439453125 0.5916015625 0.5292968765625 0.5740234375 0.5253906234375
0 0.5681640625 0.5449218765625 0.56328125 0.5576171875 0.5759765625 0.5605468765625 0.5808593765625 0.5498046875 0.5681640625 0.5449218765625
0 0.5300781234375 0.5361328125 0.5310546875 0.546875 0.5457031234375 0.5458984375 0.5427734375 0.5332031234375 0.5300781234375 0.5361328125
0 0.52421875 0.5498046875 0.5291015625 0.56640625 0.54765625 0.5576171875 0.5427734375 0.5488281234375 0.52421875 0.5498046875
0 0.5457031234375 0.5244140625 0.5544921875 0.5410156234375 0.57109375 0.5302734375 0.5642578125 0.51953125 0.5457031234375 0.5244140625
0 0.5125 0.4931640625 0.5173828125 0.5078125 0.53203125 0.5029296875 0.5271484375 0.4902343765625 0.5125 0.4931640625
0 0.41484375 0.4892578125 0.4197265625 0.50390625 0.43828125 0.4970703125 0.4314453125 0.4824218765625 0.41484375 0.4892578125
0 0.4294921875 0.4628906234375 0.4246093765625 0.4755859375 0.4431640625 0.48046875 0.4480468765625 0.4677734375 0.4294921875 0.4628906234375
0 0.4246093765625 0.3837890625 0.4275390625 0.3984375 0.4441406234375 0.3935546875 0.4412109375 0.3808593765625 0.4246093765625 0.3837890625
0 0.3748046875 0.3808593765625 0.371875 0.3955078125 0.3884765625 0.4003906234375 0.3933593765625 0.3837890625 0.3748046875 0.3808593765625
0 0.41484375 0.2470703125 0.4177734375 0.2636718765625 0.4363281234375 0.2607421875 0.4333984375 0.2441406234375 0.41484375 0.2470703125
0 0.3171875 0.3779296875 0.3240234375 0.39453125 0.3386718765625 0.3857421875 0.3318359375 0.3730468765625 0.3171875 0.3779296875
0 0.3025390625 0.40234375 0.3015625 0.4189453125 0.3162109375 0.4199218765625 0.32109375 0.4052734375 0.3025390625 0.40234375
0 0.5759765625 0.4902343765625 0.5730468765625 0.5029296875 0.5876953125 0.5078125 0.590625 0.4931640625 0.5759765625 0.4902343765625
0 0.5925781234375 0.4912109375 0.5955078125 0.50390625 0.60625 0.5029296875 0.6052734375 0.4902343765625 0.5925781234375 0.4912109375
0 0.6111328125 0.48828125 0.60625 0.5009765625 0.6228515625 0.5058593765625 0.62578125 0.4931640625 0.6111328125 0.48828125
0 0.6091796875 0.4667968765625 0.60625 0.4794921875 0.6208984375 0.4863281234375 0.621875 0.4716796875 0.6091796875 0.4667968765625
0 0.6589843765625 0.4658203125 0.6638671875 0.4785156234375 0.6765625 0.4736328125 0.6716796875 0.4628906234375 0.6589843765625 0.4658203125
0 0.6306640625 0.4550781234375 0.6277343765625 0.4658203125 0.6423828125 0.4707031234375 0.6453125 0.4580078125 0.6306640625 0.4550781234375
0 0.6462890625 0.44140625 0.6462890625 0.4550781234375 0.6609375 0.4521484375 0.6541015625 0.4394531234375 0.6462890625 0.44140625
0 0.6550781234375 0.4326171875 0.6599609375 0.4472656234375 0.6746093765625 0.4423828125 0.6677734375 0.4296875 0.6550781234375 0.4326171875
0 0.6316406234375 0.4052734375 0.6365234375 0.4199218765625 0.6511718765625 0.4130859375 0.6443359375 0.40234375 0.6316406234375 0.4052734375
0 0.6677734375 0.4199218765625 0.6736328125 0.4355468765625 0.68828125 0.4267578125 0.6677734375 0.4199218765625
0 0.7146484375 0.4121093765625 0.7166015625 0.4238281234375 0.72734375 0.4208984375 0.7263671875 0.4121093765625 0.7146484375 0.4121093765625
0 0.6814453125 0.41015625 0.6785156234375 0.4189453125 0.6892578125 0.421875 0.6921875 0.4130859375 0.6814453125 0.41015625
0 0.6775390625 0.39453125 0.67265625 0.4052734375 0.6892578125 0.41015625 0.6921875 0.3994140625 0.6775390625 0.39453125
0 0.6375 0.3505859375 0.6443359375 0.3671875 0.66484375 0.3564453125 0.6560546875 0.34375 0.6375 0.3505859375
0 0.71171875 0.3603515625 0.7146484375 0.3730468765625 0.7292968765625 0.3720703125 0.7263671875 0.3574218765625 0.71171875 0.3603515625
0 0.7087890625 0.37109375 0.7087890625 0.3828125 0.71953125 0.3779296875 0.7087890625 0.37109375
0 0.7107421875 0.3808593765625 0.7126953125 0.3925781234375 0.7234375 0.3896484375 0.7185546875 0.37890625 0.7107421875 0.3808593765625
0 0.7810546875 0.34765625 0.778125 0.3603515625 0.7927734375 0.3652343765625 0.79765625 0.3505859375 0.7810546875 0.34765625
0 0.8044921875 0.3515625 0.8191406234375 0.3447265625 0.8142578125 0.3339843765625 0.8025390625 0.3339843765625 0.79765625 0.3447265625 0.8044921875 0.3515625
0 0.746875 0.3525390625 0.7576171875 0.3671875 0.7761718765625 0.3603515625 0.7693359375 0.34765625 0.746875 0.3525390625
0 0.715625 0.2802734375 0.7185546875 0.29296875 0.73125 0.2880859375 0.7263671875 0.27734375 0.715625 0.2802734375
0 0.6980468765625 0.2783203125 0.7009765625 0.29296875 0.7136718765625 0.2900390625 0.7107421875 0.27734375 0.6980468765625 0.2783203125
0 0.6853515625 0.3046875 0.6873046875 0.3144531234375 0.69609375 0.3095703125 0.6853515625 0.3046875
0 0.6951171875 0.30859375 0.6902343765625 0.3212890625 0.7048828125 0.3261718765625 0.7097656234375 0.3154296875 0.6951171875 0.30859375
0 0.5994140625 0.28125 0.59453125 0.2919921875 0.6091796875 0.2988281234375 0.6140625 0.2841796875 0.5994140625 0.28125
0 0.6169921875 0.2910156234375 0.61015625 0.3017578125 0.6228515625 0.30859375 0.6296875 0.2958984375 0.6169921875 0.2910156234375
0 0.6345703125 0.2792968765625 0.6296875 0.2919921875 0.6404296875 0.296875 0.6472656234375 0.2861328125 0.6345703125 0.2792968765625
0 0.6501953125 0.2871093765625 0.6589843765625 0.2802734375 0.6541015625 0.2675781234375 0.6404296875 0.2675781234375 0.6365234375 0.28125 0.6501953125 0.2871093765625
0 0.4490234375 0.3203125 0.44609375 0.3291015625 0.4548828125 0.33203125 0.4597656234375 0.3251953125 0.4490234375 0.3203125
0 0.4646484375 0.33203125 0.4578125 0.3427734375 0.4724609375 0.3496093765625 0.47734375 0.3369140625 0.4646484375 0.33203125
0 0.4685546875 0.3203125 0.4705078125 0.33203125 0.4792968765625 0.3291015625 0.4685546875 0.3203125
0 0.5183593765625 0.3369140625 0.5212890625 0.3515625 0.5359375 0.3486328125 0.5310546875 0.3339843765625 0.5183593765625 0.3369140625
0 0.5408203125 0.3574218765625 0.5378906234375 0.3681640625 0.5525390625 0.37109375 0.5574218765625 0.3623046875 0.5408203125 0.3574218765625
0 0.54375 0.3505859375 0.5525390625 0.36328125 0.5652343765625 0.3564453125 0.5583984375 0.3457031234375 0.54375 0.3505859375
0 0.4763671875 0.35546875 0.4734375 0.3662109375 0.4841796875 0.3691406234375 0.4871093765625 0.3583984375 0.4763671875 0.35546875
0 0.4763671875 0.37109375 0.4734375 0.3818359375 0.4880859375 0.3847656234375 0.4910156234375 0.3740234375 0.4763671875 0.37109375
0 0.4734375 0.4033203125 0.4783203125 0.41796875 0.4910156234375 0.4130859375 0.4880859375 0.4003906234375 0.4734375 0.4033203125
0 0.46171875 0.4306640625 0.4666015625 0.4433593765625 0.4792968765625 0.4365234375 0.4705078125 0.42578125 0.46171875 0.4306640625
0 0.4900390625 0.42578125 0.48515625 0.4345703125 0.4978515625 0.4394531234375 0.4988281234375 0.4267578125 0.4900390625 0.42578125
0 0.5017578125 0.4199218765625 0.50078125 0.4326171875 0.5115234375 0.4355468765625 0.51640625 0.4228515625 0.5017578125 0.4199218765625
0 0.5056640625 0.3964843765625 0.5154296875 0.4121093765625 0.528125 0.4072265625 0.5193359375 0.3925781234375 0.5056640625 0.3964843765625
0 0.5027343765625 0.3896484375 0.5095703125 0.40234375 0.51640625 0.3916015625 0.5027343765625 0.3896484375
0 0.5232421875 0.39453125 0.5359375 0.3876953125 0.5310546875 0.375 0.5115234375 0.3769531234375 0.5105468765625 0.3857421875 0.5232421875 0.39453125
0 0.5154296875 0.4511718765625 0.5125 0.4599609375 0.5193359375 0.4628906234375 0.52421875 0.4560546875 0.5154296875 0.4511718765625
0 0.4822265625 0.44140625 0.47734375 0.4501953125 0.4880859375 0.45703125 0.496875 0.4462890625 0.4822265625 0.44140625
0 0.4919921875 0.4628906234375 0.5125 0.4501953125 0.5076171875 0.44140625 0.496875 0.4443359375 0.4871093765625 0.4560546875 0.4919921875 0.4628906234375
0 0.2771484375 0.4042968765625 0.2703125 0.4169921875 0.2888671875 0.421875 0.29375 0.4091796875 0.2771484375 0.4042968765625
0 0.2488281234375 0.3935546875 0.2537109375 0.41015625 0.2683593765625 0.4052734375 0.2634765625 0.3886718765625 0.2488281234375 0.3935546875
0 0.2839843765625 0.3740234375 0.2908203125 0.3886718765625 0.3035156234375 0.3798828125 0.2986328125 0.37109375 0.2839843765625 0.3740234375
0 0.0701171875 0.2949218765625 0.0681640625 0.30859375 0.08671875 0.3037109375 0.0818359375 0.29296875 0.0701171875 0.2949218765625
0 0.0974609375 0.2128906234375 0.0925781234375 0.2255859375 0.1052734375 0.2285156234375 0.1121093765625 0.2177734375 0.0974609375 0.2128906234375
0 0.4802734375 0.078125 0.4753906234375 0.0927734375 0.4900390625 0.09570312343750001 0.4949218765625 0.0830078125 0.4802734375 0.078125
0 0.3552734375 0.08398437656249999 0.35234375 0.0947265625 0.3650390625 0.09765625 0.36796875 0.0888671875 0.3552734375 0.08398437656249999
0 0.7537109375 0.3261718765625 0.7488281234375 0.3349609375 0.7615234375 0.3457031234375 0.76640625 0.3310546875 0.7537109375 0.3261718765625
0 0.79765625 0.3056640625 0.8044921875 0.3203125 0.82109375 0.3134765625 0.8142578125 0.30078125 0.79765625 0.3056640625
0 0.7966796875 0.2890625 0.7986328125 0.3027343765625 0.8113281234375 0.2998046875 0.8103515625 0.2890625 0.7966796875 0.2890625
0 0.7927734375 0.27734375 0.7927734375 0.2890625 0.8113281234375 0.2861328125 0.8044921875 0.2734375 0.7927734375 0.27734375
0 0.77421875 0.3037109375 0.7722656234375 0.3154296875 0.7888671875 0.3203125 0.78984375 0.2998046875 0.77421875 0.3037109375
0 0.7644531234375 0.3173828125 0.7673828125 0.3300781234375 0.78203125 0.3291015625 0.7751953125 0.31640625 0.7644531234375 0.3173828125
0 0.7654296875 0.328125 0.76640625 0.3427734375 0.7771484375 0.3457031234375 0.78203125 0.3291015625 0.7654296875 0.328125