0 0.3984375 0.2875 0.0296875 0.03125
0 0.35625 0.3109375 0.025 0.021875
0 0.353125 0.34375 0.0203125 0.0203125
0 0.4171875 0.3984375 0.053125 0.0421875
0 0.40625 0.49375 0.0390625 0.0375
0 0.4890625 0.5140625 0.0484375 0.0390625
0 0.315625 0.58125 0.0421875 0.0375
0 0.275 0.4921875 0.034375 0.0328125
0 0.215625 0.45625 0.03125 0.0234375
0 0.221875 0.478125 0.03125 0.025
0 0.11875 0.546875 0.0328125 0.03125
0 0.1515625 0.7953125 0.0296875 0.0265625
0 0.396875 0.828125 0.0328125 0.03125
0 0.4125 0.88125 0.03125 0.0359375
0 0.7234375 0.2453125 0.0328125 0.028125
0 0.596875 0.2203125 0.028125 0.028125
0 0.640625 0.2703125 0.028125 0.0328125
0 0.5890625 0.5828125 0.034375 0.034375
0 0.6953125 0.68125 0.028125 0.0296875
0 0.7828125 0.8015625 0.034375 0.034375
0 0.5421875 0.7890625 0.03125 0.025
0 0.65625 0.75 0.01875 0.01875
0 0.6375 0.721875 0.0140625 0.0171875
0 0.5453125 0.6609375 0.046875 0.0390625
0 0.5890625 0.6140625 0.0328125 0.0296875
0 0.8796875 0.5984375 0.03125 0.0328125
0 0.90625 0.6296875 0.0296875 0.03125
0 0.9421875 0.5625 0.0421875 0.0359375
0 0.809375 0.5203125 0.0234375 0.0234375
0 0.74375 0.35625 0.084375 0.0703125
0 0.6015625 0.3921875 0.0375 0.0390625
0 0.6265625 0.428125 0.0234375 0.0234375
0 0.9171875 0.41875 0.0328125 0.028125
0 0.9 0.403125 0.034375 0.03125
0 0.828125 0.28125 0.0484375 0.0421875
0 0.7328125 0.2734375 0.0234375 0.01875
0 0.68125 0.2875 0.021875 0.0203125
0 0.096875 0.3640625 0.028125 0.03125
0 0.2 0.340625 0.028125 0.021875
0 0.2609375 0.3609375 0.03125 0.03125
0 0.2640625 0.309375 0.021875 0.0265625
0 0.2890625 0.315625 0.0203125 0.021875
0 0.2375 0.621875 0.0203125 0.01875
0 0.2765625 0.678125 0.0203125 0.01875
0 0.33125 0.6515625 0.0265625 0.0203125
0 0.50625 0.590625 0.01875 0.0171875
0 0.3953125 0.584375 0.0125 0.0125
0 0.3390625 0.546875 0.0109375 0.0109375
0 0.3375 0.5171875 0.0078125 0.009375
0 0.246875 0.5484375 0.0234375 0.0234375
0 0.19375 0.496875 0.0109375 0.009375
0 0.1859375 0.5296875 0.0109375 0.0109375
0 0.1984375 0.5234375 0.0125 0.0140625
0 0.21875 0.5265625 0.0109375 0.009375
0 0.1515625 0.5078125 0.0140625 0.015625
0 0.165625 0.5140625 0.009375 0.009375
0 0.0375 0.4984375 0.0125 0.0109375
0 0.1828125 0.7765625 0.0125 0.0109375
0 0.203125 0.8296875 0.0109375 0.0109375
0 0.2078125 0.8671875 0.0203125 0.0203125
0 0.115625 0.79375 0.0125 0.0140625
0 0.1546875 0.4546875 0.0171875 0.0140625
0 0.146875 0.428125 0.0125 0.009375
0 0.340625 0.384375 0.0125 0.0109375
0 0.4140625 0.309375 0.009375 0.0078125
0 0.46875 0.8828125 0.0203125 0.0234375
0 0.2828125 0.8828125 0.0265625 0.0265625
0 0.6953125 0.8453125 0.0171875 0.0171875
0 0.7109375 0.86875 0.0203125 0.0171875
0 0.740625 0.89375 0.025 0.01875
0 0.7546875 0.815625 0.03125 0.03125
0 0.6140625 0.859375 0.0140625 0.015625
0 0.5484375 0.8109375 0.0140625 0.0125
0 0.534375 0.9609375 0.059375 0.059375