0 0.3953125 0.2734375 0.0328125 0.0296875
0 0.35 0.296875 0.0234375 0.0234375
0 0.3484375 0.3328125 0.0265625 0.025
0 0.4109375 0.3890625 0.0578125 0.0484375
0 0.3921875 0.4921875 0.0328125 0.0359375
0 0.4828125 0.5140625 0.0453125 0.040625
0 0.4984375 0.59375 0.021875 0.025
0 0.5828125 0.590625 0.04375 0.0359375
0 0.5296875 0.671875 0.0421875 0.0375
0 0.584375 0.61875 0.0328125 0.028125
0 0.3 0.575 0.0421875 0.0375
0 0.315625 0.6546875 0.0296875 0.0296875
0 0.3796875 0.5859375 0.0234375 0.021875
0 0.2609375 0.4859375 0.0375 0.0328125
0 0.209375 0.46875 0.034375 0.028125
0 0.203125 0.4453125 0.034375 0.028125
0 0.0984375 0.5328125 0.034375 0.0328125
0 0.084375 0.34375 0.028125 0.028125
0 0.1875 0.3234375 0.0265625 0.028125
0 0.2546875 0.29375 0.0296875 0.0265625
0 0.21875 0.621875 0.0171875 0.0203125
0 0.25625 0.6796875 0.021875 0.021875
0 0.125 0.796875 0.0296875 0.034375
0 0.15625 0.778125 0.015625 0.01875
0 0.175 0.83125 0.0171875 0.0234375
0 0.3734375 0.8328125 0.0359375 0.03125
0 0.390625 0.890625 0.0328125 0.0375
0 0.525 0.8015625 0.03125 0.028125
0 0.771875 0.8203125 0.034375 0.028125
0 0.7390625 0.8359375 0.0265625 0.0234375
0 0.509375 0.971875 0.071875 0.0546875
0 0.6875 0.69375 0.03125 0.0296875
0 0.6453125 0.765625 0.028125 0.0328125
0 0.88125 0.6140625 0.0359375 0.0296875
0 0.9 0.646875 0.0421875 0.0421875
0 0.95 0.5765625 0.0484375 0.04375
0 0.9234375 0.434375 0.040625 0.0421875
0 0.9140625 0.4140625 0.0375 0.0328125
0 0.7421875 0.3609375 0.084375 0.078125
0 0.8421875 0.2859375 0.04375 0.0421875
0 0.884375 0.321875 0.0390625 0.0328125
0 0.73125 0.240625 0.0296875 0.0296875
0 0.6015625 0.3875 0.0375 0.03125
0 0.625 0.43125 0.0328125 0.0328125
0 0.6453125 0.2640625 0.0296875 0.01875
0 0.6015625 0.2125 0.0359375 0.0296875
0 0.6859375 0.28125 0.028125 0.025
0 0.74375 0.271875 0.03125 0.0234375
0 0.503125 0.26875 0.0203125 0.0234375
0 0.5375 0.2328125 0.0234375 0.0171875