0 0.71875 0.5359375 0.03125 0.028125
0 0.715625 0.509375 0.0296875 0.0265625
0 0.675 0.4859375 0.028125 0.0265625
0 0.6578125 0.409375 0.034375 0.034375
0 0.6625 0.3546875 0.025 0.025
0 0.653125 0.253125 0.0203125 0.0234375
0 0.6515625 0.23125 0.0234375 0.01875
0 0.728125 0.39375 0.0171875 0.015625
0 0.81875 0.484375 0.0359375 0.034375
0 0.784375 0.503125 0.01875 0.01875
0 0.8296875 0.6859375 0.0328125 0.034375
0 0.6296875 0.6828125 0.0265625 0.028125
0 0.715625 0.671875 0.0140625 0.015625
0 0.778125 0.83125 0.01875 0.0203125
0 0.4765625 0.6609375 0.0390625 0.034375
0 0.5328125 0.646875 0.03125 0.028125
0 0.553125 0.615625 0.0296875 0.03125
0 0.515625 0.5359375 0.04375 0.0453125
0 0.565625 0.4484375 0.0328125 0.034375
0 0.5046875 0.4109375 0.0453125 0.0390625
0 0.45625 0.3421875 0.03125 0.025
0 0.4109375 0.640625 0.028125 0.025
0 0.365625 0.634375 0.0234375 0.0234375
0 0.234375 0.6671875 0.0265625 0.025
0 0.609375 0.6609375 0.025 0.025
0 0.3171875 0.771875 0.025 0.025
0 0.2328125 0.5890625 0.028125 0.0265625
0 0.134375 0.5859375 0.03125 0.0265625
0 0.1515625 0.5515625 0.0171875 0.0171875
0 0.2078125 0.5546875 0.01875 0.015625
0 0.2140625 0.4640625 0.0828125 0.075
0 0.0734375 0.525 0.0453125 0.040625
0 0.084375 0.4109375 0.034375 0.034375
0 0.125 0.3953125 0.03125 0.0265625
0 0.1296875 0.3734375 0.03125 0.025
0 0.209375 0.284375 0.040625 0.0359375
0 0.2671875 0.278125 0.0375 0.0296875
0 0.325 0.2140625 0.040625 0.0375
0 0.41875 0.2015625 0.01875 0.021875
0 0.440625 0.2 0.0234375 0.0203125
0 0.35625 0.4875 0.0375 0.0328125
0 0.3546875 0.44375 0.0359375 0.034375
0 0.553125 0.2484375 0.0234375 0.021875
0 0.4265625 0.271875 0.0234375 0.0265625
0 0.4734375 0.259375 0.015625 0.0140625
0 0.5203125 0.3578125 0.025 0.0234375
0 0.515625 0.3078125 0.0296875 0.0265625
0 0.7296875 0.2453125 0.0203125 0.01875
0 0.7765625 0.271875 0.0234375 0.01875
0 0.809375 0.309375 0.025 0.0234375
0 0.7078125 0.3484375 0.0171875 0.015625
0 0.78125 0.5828125 0.0140625 0.0140625
0 0.5859375 0.553125 0.01875 0.0140625
0 0.653125 0.615625 0.009375 0.0109375
0 0.6296875 0.634375 0.0171875 0.0171875
0 0.49375 0.6203125 0.0203125 0.0171875
0 0.4375 0.60625 0.0140625 0.0140625
0 0.7453125 0.5 0.009375 0.009375
0 0.759375 0.478125 0.0109375 0.0109375
0 0.771875 0.4921875 0.0109375 0.0109375
0 0.709375 0.43125 0.0203125 0.0171875
0 0.6 0.3859375 0.0125 0.0125
0 0.6328125 0.4234375 0.0109375 0.0109375
0 0.4546875 0.3609375 0.0296875 0.0234375
0 0.7078125 0.6640625 0.0140625 0.0125