0 0.4265625 0.925 0.0640625 0.0640625
0 0.48125 0.821875 0.03125 0.0296875
0 0.5265625 0.84375 0.0421875 0.046875
0 0.546875 0.73125 0.025 0.0265625
0 0.6453125 0.7328125 0.0390625 0.034375
0 0.2828125 0.9296875 0.0421875 0.0421875
0 0.3625 0.928125 0.0359375 0.0328125
0 0.2828125 0.86875 0.0421875 0.040625
0 0.25625 0.8578125 0.0296875 0.03125
0 0.1625 0.771875 0.0375 0.0375
0 0.171875 0.709375 0.028125 0.028125
0 0.1171875 0.6453125 0.0296875 0.0296875
0 0.134375 0.55625 0.0265625 0.0265625
0 0.1359375 0.53125 0.0265625 0.025
0 0.2171875 0.54375 0.0265625 0.0203125
0 0.45 0.6140625 0.0328125 0.0375
0 0.4015625 0.4703125 0.0515625 0.046875
0 0.4609375 0.41875 0.04375 0.0359375
0 0.5421875 0.4609375 0.053125 0.0484375
0 0.628125 0.4359375 0.025 0.025
0 0.6609375 0.4484375 0.03125 0.0265625
0 0.665625 0.496875 0.0390625 0.034375
0 0.503125 0.759375 0.0234375 0.01875
0 0.6515625 0.65 0.0265625 0.0234375
0 0.6203125 0.5984375 0.03125 0.028125
0 0.6390625 0.5546875 0.0265625 0.0234375
0 0.765625 0.640625 0.0328125 0.0296875
0 0.6828125 0.384375 0.0265625 0.0265625
0 0.7046875 0.36875 0.0328125 0.0265625
0 0.578125 0.2984375 0.034375 0.034375
0 0.5515625 0.2984375 0.03125 0.0265625
0 0.515625 0.33125 0.03125 0.0296875
0 0.440625 0.340625 0.021875 0.0234375
0 0.3796875 0.334375 0.0171875 0.0140625
0 0.2671875 0.340625 0.025 0.025
0 0.2390625 0.3421875 0.0234375 0.0203125
0 0.2328125 0.4296875 0.0265625 0.025
0 0.3109375 0.515625 0.0265625 0.0265625
0 0.403125 0.6125 0.0328125 0.0296875
0 0.346875 0.4578125 0.021875 0.025
0 0.434375 0.284375 0.0171875 0.0140625
0 0.3984375 0.3875 0.0171875 0.0171875
0 0.4765625 0.3 0.0265625 0.0265625
0 0.5390625 0.221875 0.0265625 0.025
0 0.55625 0.2453125 0.01875 0.015625
0 0.54375 0.253125 0.015625 0.0140625
0 0.5234375 0.265625 0.0140625 0.0109375
0 0.546875 0.275 0.0109375 0.0109375
0 0.6328125 0.253125 0.015625 0.0140625
0 0.73125 0.225 0.028125 0.0296875
0 0.703125 0.3109375 0.0078125 0.0078125
0 0.66875 0.896875 0.0453125 0.0359375
0 0.68125 0.8625 0.0171875 0.01875
0 0.70625 0.30625 0.009375 0.0078125
0 0.4296875 0.340625 0.0125 0.0125