0 0.5796875 0.78125 0.0375 0.04375
0 0.5453125 0.9265625 0.0265625 0.0203125
0 0.4890625 0.646875 0.04375 0.046875
0 0.5203125 0.6453125 0.040625 0.0453125
0 0.55 0.5984375 0.0390625 0.034375
0 0.5390625 0.7296875 0.0234375 0.0171875
0 0.55625 0.7171875 0.0171875 0.0171875
0 0.578125 0.703125 0.01875 0.0203125
0 0.540625 0.68125 0.01875 0.0203125
0 0.428125 0.7140625 0.015625 0.0203125
0 0.290625 0.7578125 0.0484375 0.053125
0 0.084375 0.6796875 0.0296875 0.03125
0 0.2078125 0.7796875 0.03125 0.028125
0 0.303125 0.6125 0.034375 0.03125
0 0.278125 0.521875 0.0296875 0.0265625
0 0.30625 0.5046875 0.028125 0.03125
0 0.3203125 0.4328125 0.034375 0.034375
0 0.3640625 0.453125 0.0328125 0.0328125
0 0.29375 0.375 0.0421875 0.0390625
0 0.459375 0.43125 0.059375 0.0640625
0 0.44375 0.4875 0.0203125 0.021875
0 0.58125 0.490625 0.0421875 0.0421875
0 0.61875 0.428125 0.046875 0.0453125
0 0.675 0.38125 0.0265625 0.0296875
0 0.6984375 0.3953125 0.0359375 0.0390625
0 0.675 0.53125 0.0234375 0.0203125
0 0.69375 0.45 0.0265625 0.0265625
0 0.65625 0.5953125 0.040625 0.040625
0 0.63125 0.64375 0.034375 0.028125
0 0.69375 0.6765625 0.021875 0.0171875
0 0.71875 0.684375 0.0234375 0.01875
0 0.75 0.6609375 0.025 0.021875
0 0.73125 0.60625 0.025 0.0265625
0 0.74375 0.840625 0.025 0.01875
0 0.8421875 0.7984375 0.03125 0.028125
0 0.8296875 0.7671875 0.01875 0.021875
0 0.8671875 0.7609375 0.01875 0.0171875
0 0.8890625 0.765625 0.0359375 0.0296875
0 0.9078125 0.7046875 0.0359375 0.0328125
0 0.871875 0.6109375 0.04375 0.034375
0 0.9078125 0.609375 0.0328125 0.028125
0 0.8484375 0.50625 0.0328125 0.03125
0 0.8796875 0.3890625 0.0328125 0.028125
0 0.865625 0.36875 0.0265625 0.025
0 0.7359375 0.2296875 0.0328125 0.028125
0 0.5515625 0.2890625 0.0328125 0.034375
0 0.4984375 0.2796875 0.034375 0.03125
0 0.321875 0.278125 0.0390625 0.034375
0 0.3109375 0.3140625 0.034375 0.028125
0 0.2765625 0.165625 0.0328125 0.0296875
0 0.359375 0.096875 0.0328125 0.034375
0 0.3625 0.16875 0.0328125 0.03125
0 0.428125 0.0578125 0.040625 0.034375
0 0.575 0.1078125 0.0375 0.0375
0 0.5984375 0.109375 0.03125 0.0296875
0 0.4984375 0.15625 0.0859375 0.065625
0 0.7140625 0.1796875 0.0421875 0.0375
0 0.825 0.28125 0.0625 0.0546875
0 0.6828125 0.821875 0.05 0.04375
0 0.7078125 0.903125 0.0734375 0.0703125
0 0.7625 0.896875 0.034375 0.0296875