0 0.428125 0.184375 0.01875 0.015625
0 0.4515625 0.18125 0.01875 0.0203125
0 0.278125 0.2546875 0.025 0.021875
0 0.2828125 0.234375 0.028125 0.0234375
0 0.4359375 0.253125 0.0234375 0.01875
0 0.4859375 0.2296875 0.0140625 0.0109375
0 0.4734375 0.325 0.03125 0.0234375
0 0.4671875 0.3484375 0.046875 0.0296875
0 0.5328125 0.3453125 0.01875 0.015625
0 0.51875 0.396875 0.0484375 0.0390625
0 0.5828125 0.4390625 0.034375 0.028125
0 0.365625 0.465625 0.0265625 0.028125
0 0.3703125 0.425 0.0328125 0.0265625
0 0.5359375 0.5234375 0.053125 0.0484375
0 0.6046875 0.54375 0.0109375 0.009375
0 0.571875 0.6046875 0.03125 0.0265625
0 0.5546875 0.6390625 0.0296875 0.0296875
0 0.5015625 0.653125 0.034375 0.034375
0 0.43125 0.63125 0.0203125 0.0203125
0 0.4546875 0.59375 0.0125 0.0125
0 0.3875 0.621875 0.0265625 0.0234375
0 0.328125 0.6578125 0.0140625 0.0140625
0 0.25 0.659375 0.0359375 0.0296875
0 0.2296875 0.6515625 0.015625 0.0140625
0 0.2625 0.6828125 0.01875 0.01875
0 0.2453125 0.56875 0.025 0.028125
0 0.24375 0.54375 0.0109375 0.0140625
0 0.21875 0.5375 0.0171875 0.0171875
0 0.1453125 0.56875 0.0359375 0.03125
0 0.1640625 0.5296875 0.01875 0.01875
0 0.2890625 0.4875 0.015625 0.0140625
0 0.2265625 0.446875 0.08125 0.0734375
0 0.078125 0.496875 0.04375 0.040625
0 0.134375 0.371875 0.0359375 0.0265625
0 0.1390625 0.346875 0.0265625 0.0265625
0 0.2203125 0.2578125 0.0296875 0.025
0 0.284375 0.3109375 0.0234375 0.01875
0 0.3953125 0.878125 0.0546875 0.05
0 0.45 0.759375 0.01875 0.0203125
0 0.653125 0.675 0.028125 0.028125
0 0.6328125 0.6546875 0.0234375 0.0234375
0 0.6484375 0.6296875 0.0203125 0.01875
0 0.675 0.6109375 0.0265625 0.0234375
0 0.7265625 0.659375 0.0140625 0.0125
0 0.84375 0.68125 0.0328125 0.0328125
0 0.7375 0.528125 0.0328125 0.025
0 0.734375 0.503125 0.0296875 0.0234375
0 0.6890625 0.478125 0.034375 0.0265625
0 0.6765625 0.4015625 0.0328125 0.0359375
0 0.728125 0.425 0.0234375 0.01875
0 0.7453125 0.3875 0.015625 0.015625
0 0.834375 0.478125 0.028125 0.0265625
0 0.8015625 0.4984375 0.0171875 0.015625
0 0.7625 0.4953125 0.0171875 0.0125
0 0.7734375 0.4703125 0.0125 0.0140625
0 0.790625 0.4875 0.0125 0.0125
0 0.825 0.303125 0.0203125 0.0140625
0 0.6828125 0.346875 0.015625 0.015625
0 0.7234375 0.3421875 0.0125 0.0140625
0 0.615625 0.3765625 0.0125 0.0125
0 0.665625 0.246875 0.0265625 0.021875
0 0.6640625 0.221875 0.0234375 0.021875
0 0.56875 0.240625 0.0265625 0.0296875
0 0.3375 0.1953125 0.0625 0.0546875
0 0.7328125 0.665625 0.0171875 0.0140625