0 0.4375 0.1578125 0.021875 0.021875
0 0.4609375 0.15625 0.021875 0.021875
0 0.44375 0.2296875 0.0234375 0.01875
0 0.475 0.3046875 0.03125 0.0296875
0 0.5421875 0.3234375 0.0265625 0.0203125
0 0.5796875 0.2140625 0.021875 0.0203125
0 0.684375 0.2203125 0.0203125 0.0203125
0 0.6828125 0.1953125 0.025 0.021875
0 0.6984375 0.3296875 0.028125 0.021875
0 0.6875 0.38125 0.0375 0.0328125
0 0.5921875 0.4265625 0.034375 0.028125
0 0.5296875 0.384375 0.0453125 0.05
0 0.540625 0.5140625 0.04375 0.0421875
0 0.703125 0.4671875 0.03125 0.0328125
0 0.75 0.4921875 0.03125 0.0265625
0 0.7515625 0.51875 0.03125 0.0265625
0 0.5765625 0.6015625 0.03125 0.028125
0 0.5578125 0.6359375 0.0296875 0.0296875
0 0.5015625 0.6515625 0.0421875 0.0390625
0 0.6390625 0.65 0.0296875 0.0234375
0 0.6578125 0.625 0.01875 0.0203125
0 0.659375 0.6734375 0.028125 0.0296875
0 0.74375 0.6625 0.03125 0.025
0 0.865625 0.6828125 0.034375 0.0375
0 0.81875 0.571875 0.015625 0.0140625
0 0.7953125 0.45625 0.0140625 0.0125
0 0.784375 0.484375 0.01875 0.0140625
0 0.8125 0.475 0.0140625 0.0109375
0 0.825 0.4875 0.0234375 0.01875
0 0.8578125 0.4640625 0.0328125 0.03125
0 0.7453125 0.4109375 0.0234375 0.0234375
0 0.7640625 0.36875 0.0140625 0.0125
0 0.7625 0.353125 0.015625 0.015625
0 0.74375 0.321875 0.0140625 0.0140625
0 0.8109375 0.2390625 0.0234375 0.021875
0 0.8171875 0.2546875 0.0140625 0.0109375
0 0.825 0.2828125 0.0140625 0.0140625
0 0.85 0.28125 0.025 0.025
0 0.69375 0.2796875 0.028125 0.025
0 0.628125 0.3578125 0.015625 0.0140625
0 0.6625 0.4 0.0203125 0.0171875
0 0.278125 0.2359375 0.0296875 0.0296875
0 0.21875 0.2421875 0.0375 0.034375
0 0.340625 0.171875 0.04375 0.0359375
0 0.2828125 0.2953125 0.0203125 0.01875
0 0.365625 0.4640625 0.0359375 0.0375
0 0.3671875 0.4109375 0.034375 0.03125
0 0.2234375 0.4375 0.0859375 0.0828125
0 0.128125 0.3578125 0.0265625 0.0265625
0 0.1328125 0.334375 0.0296875 0.03125
0 0.06875 0.440625 0.0375 0.034375
0 0.0765625 0.375 0.04375 0.0359375
0 0.0703125 0.490625 0.040625 0.0453125
0 0.1375 0.5671875 0.03125 0.0328125
0 0.15625 0.5234375 0.0203125 0.021875
0 0.215625 0.53125 0.01875 0.0171875
0 0.2375 0.5328125 0.0109375 0.0109375
0 0.2390625 0.565625 0.028125 0.0265625
0 0.21875 0.6453125 0.0171875 0.0140625
0 0.2375 0.653125 0.040625 0.0359375
0 0.1109375 0.703125 0.021875 0.01875
0 0.253125 0.684375 0.0171875 0.015625
0 0.3234375 0.6546875 0.015625 0.0140625
0 0.3828125 0.8828125 0.05 0.046875
0 0.378125 0.61875 0.025 0.0234375
0 0.3828125 0.640625 0.021875 0.021875
0 0.4265625 0.625 0.025 0.0234375
0 0.453125 0.5890625 0.0125 0.0125
0 0.5125 0.603125 0.025 0.0203125
0 0.6125 0.5359375 0.0125 0.0109375
0 0.5421875 0.2734375 0.025 0.0234375
0 0.8125 0.8328125 0.0296875 0.0234375