0 0.41875 0.2953125 0.0265625 0.0234375
0 0.3796875 0.315625 0.021875 0.021875
0 0.375 0.34375 0.021875 0.0203125
0 0.4265625 0.390625 0.0375 0.03125
0 0.29375 0.4671875 0.0234375 0.0234375
0 0.25 0.4546875 0.0296875 0.025
0 0.2453125 0.434375 0.0296875 0.025
0 0.4046875 0.475 0.0296875 0.0296875
0 0.3265625 0.5375 0.0328125 0.0328125
0 0.4828125 0.49375 0.04375 0.0328125
0 0.565625 0.5578125 0.0328125 0.034375
0 0.490625 0.5578125 0.0234375 0.0234375
0 0.33125 0.6015625 0.0171875 0.0203125
0 0.253125 0.575 0.0140625 0.0171875
0 0.3765625 0.75 0.0296875 0.0296875
0 0.3875 0.7953125 0.0265625 0.0265625
0 0.434375 0.803125 0.021875 0.01875
0 0.5046875 0.7265625 0.028125 0.025
0 0.209375 0.7765625 0.0234375 0.021875
0 0.1671875 0.71875 0.0234375 0.0203125
0 0.196875 0.703125 0.0171875 0.015625
0 0.284375 0.621875 0.01875 0.01875
0 0.1546875 0.50625 0.034375 0.034375
0 0.1890625 0.4078125 0.0109375 0.0125
0 0.2234375 0.4671875 0.0140625 0.0125
0 0.215625 0.49375 0.015625 0.0125
0 0.2671875 0.5140625 0.01875 0.01875
0 0.1875 0.475 0.01875 0.0140625
0 0.1484375 0.3515625 0.028125 0.0265625
0 0.240625 0.334375 0.0203125 0.0203125
0 0.290625 0.353125 0.0234375 0.01875
0 0.296875 0.3109375 0.0203125 0.01875
0 0.3234375 0.3203125 0.0265625 0.021875
0 0.35625 0.375 0.015625 0.0140625
0 0.3921875 0.5515625 0.01875 0.0171875
0 0.5203125 0.621875 0.0390625 0.034375
0 0.3453125 0.659375 0.025 0.0296875
0 0.596875 0.675 0.015625 0.0140625
0 0.6078125 0.7 0.015625 0.015625
0 0.6265625 0.6859375 0.0109375 0.0125
0 0.6515625 0.64375 0.028125 0.025
0 0.715625 0.7515625 0.0265625 0.025
0 0.828125 0.584375 0.028125 0.028125
0 0.8421875 0.6078125 0.0265625 0.028125
0 0.825 0.6984375 0.0359375 0.0375
0 0.8828125 0.5484375 0.03125 0.03125
0 0.8625 0.4125 0.028125 0.025
0 0.71875 0.3703125 0.06875 0.0578125
0 0.6125 0.4234375 0.03125 0.028125
0 0.5890625 0.3921875 0.034375 0.028125
0 0.7109375 0.265625 0.025 0.025
0 0.815625 0.30625 0.0453125 0.0359375
0 0.8453125 0.334375 0.0328125 0.0265625
0 0.7234375 0.2953125 0.021875 0.01875
0 0.634375 0.2875 0.0203125 0.01875
0 0.671875 0.3015625 0.0171875 0.01875
0 0.596875 0.24375 0.01875 0.01875
0 0.5421875 0.2625 0.021875 0.0171875
0 0.515625 0.290625 0.0234375 0.0203125
0 0.6953125 0.7625 0.0265625 0.0234375
0 0.4859375 0.8734375 0.0578125 0.05625
0 0.8765625 0.4265625 0.0265625 0.025