0 0.3875 0.3359375 0.028125 0.0234375
0 0.390625 0.30625 0.0203125 0.0203125
0 0.428125 0.290625 0.03125 0.0296875
0 0.4375 0.396875 0.05 0.05
0 0.2578125 0.4203125 0.034375 0.03125
0 0.265625 0.4453125 0.025 0.0328125
0 0.3140625 0.465625 0.0328125 0.0265625
0 0.3515625 0.5484375 0.0375 0.0359375
0 0.425 0.4890625 0.03125 0.028125
0 0.359375 0.621875 0.028125 0.0359375
0 0.28125 0.584375 0.0234375 0.0171875
0 0.2921875 0.51875 0.028125 0.028125
0 0.1703125 0.4921875 0.0421875 0.0359375
0 0.2015625 0.4609375 0.0265625 0.028125
0 0.146875 0.309375 0.0296875 0.0265625
0 0.2 0.3828125 0.0296875 0.021875
0 0.240625 0.3046875 0.03125 0.028125
0 0.3046875 0.2828125 0.0328125 0.028125
0 0.3296875 0.3 0.025 0.021875
0 0.303125 0.3359375 0.0296875 0.021875
0 0.3734375 0.3765625 0.0140625 0.0171875
0 0.5 0.51875 0.046875 0.04375
0 0.5140625 0.5859375 0.0390625 0.03125
0 0.4171875 0.565625 0.0265625 0.01875
0 0.196875 0.73125 0.0375 0.0296875
0 0.2296875 0.7140625 0.0265625 0.025
0 0.2453125 0.759375 0.021875 0.01875
0 0.4109375 0.775 0.0328125 0.034375
0 0.528125 0.7578125 0.0390625 0.034375
0 0.54375 0.659375 0.0421875 0.0375
0 0.5765625 0.5921875 0.0390625 0.034375
0 0.5734375 0.56875 0.0484375 0.0359375
0 0.5734375 0.615625 0.0359375 0.034375
0 0.6515625 0.6828125 0.0328125 0.0234375
0 0.6109375 0.7171875 0.025 0.01875
0 0.6171875 0.7390625 0.021875 0.0171875
0 0.6875 0.8015625 0.0296875 0.025
0 0.7078125 0.7890625 0.03125 0.025
0 0.79375 0.6359375 0.0390625 0.03125
0 0.80625 0.665625 0.0296875 0.025
0 0.8421875 0.615625 0.0390625 0.04375
0 0.834375 0.49375 0.03125 0.0296875
0 0.821875 0.4796875 0.0296875 0.03125
0 0.7125 0.4140625 0.075 0.065625
0 0.7796875 0.3640625 0.0390625 0.0359375
0 0.609375 0.4625 0.0375 0.03125
0 0.5953125 0.425 0.028125 0.025
0 0.63125 0.325 0.0328125 0.0296875
0 0.6984375 0.309375 0.03125 0.025
0 0.7109375 0.3390625 0.0203125 0.015625
0 0.59375 0.2640625 0.025 0.025
0 0.5453125 0.2734375 0.021875 0.0171875
0 0.7953125 0.7546875 0.053125 0.0515625
0 0.4484375 0.6828125 0.0328125 0.0296875