0 0.4671875 0.259375 0.034375 0.03125
0 0.475 0.2265625 0.0296875 0.025
0 0.496875 0.2234375 0.0296875 0.0265625
0 0.4046875 0.1546875 0.03125 0.028125
0 0.44375 0.175 0.0234375 0.025
0 0.56875 0.15 0.0296875 0.028125
0 0.5140625 0.1765625 0.0234375 0.01875
0 0.1890625 0.1578125 0.03125 0.03125
0 0.165625 0.3203125 0.0359375 0.0390625
0 0.121875 0.3328125 0.0453125 0.0390625
0 0.1640625 0.1921875 0.0203125 0.0140625
0 0.296875 0.246875 0.025 0.0203125
0 0.3453125 0.2265625 0.03125 0.025
0 0.39375 0.284375 0.0484375 0.0375
0 0.321875 0.2890625 0.0296875 0.025
0 0.3875 0.340625 0.0234375 0.0203125
0 0.421875 0.3015625 0.01875 0.0203125
0 0.478125 0.353125 0.0359375 0.0375
0 0.465625 0.4171875 0.04375 0.0421875
0 0.39375 0.425 0.0171875 0.01875
0 0.403125 0.496875 0.0390625 0.0359375
0 0.375 0.4921875 0.0265625 0.025
0 0.3203125 0.4515625 0.0359375 0.0359375
0 0.203125 0.4375 0.0328125 0.034375
0 0.1734375 0.4265625 0.015625 0.0140625
0 0.240625 0.53125 0.0203125 0.0203125
0 0.2671875 0.5234375 0.021875 0.0203125
0 0.3140625 0.575 0.0265625 0.034375
0 0.190625 0.6375 0.0265625 0.028125
0 0.415625 0.775 0.0390625 0.0390625
0 0.13125 0.4828125 0.025 0.0234375
0 0.1125 0.3703125 0.0171875 0.015625
0 0.2640625 0.296875 0.0328125 0.028125
0 0.5796875 0.3703125 0.0484375 0.05
0 0.628125 0.33125 0.0265625 0.025
0 0.65625 0.3375 0.0203125 0.0234375
0 0.64375 0.2625 0.0296875 0.025
0 0.690625 0.36875 0.0359375 0.034375
0 0.615625 0.53125 0.040625 0.0421875
0 0.575 0.5421875 0.0390625 0.0375
0 0.6796875 0.5859375 0.021875 0.0203125
0 0.684375 0.6671875 0.0875 0.0953125
0 0.8125 0.665625 0.040625 0.0421875
0 0.7796875 0.6734375 0.025 0.021875
0 0.796875 0.7765625 0.04375 0.04375
0 0.771875 0.7875 0.021875 0.01875
0 0.7828125 0.8109375 0.0234375 0.021875
0 0.7625 0.8296875 0.0421875 0.0390625
0 0.659375 0.834375 0.034375 0.040625
0 0.465625 0.84375 0.0390625 0.04375
0 0.809375 0.54375 0.0296875 0.0296875
0 0.7609375 0.58125 0.0296875 0.025
0 0.753125 0.6203125 0.021875 0.025
0 0.8109375 0.565625 0.01875 0.0140625
0 0.7703125 0.4875 0.0171875 0.01875
0 0.728125 0.4609375 0.0265625 0.0265625
0 0.4984375 0.709375 0.028125 0.0265625
0 0.4109375 0.2296875 0.01875 0.0125
0 0.425 0.196875 0.009375 0.0078125
0 0.4546875 0.2046875 0.0125 0.0109375
0 0.6375 0.85 0.0375 0.034375